-0.162806
12.979421
-1.37298
1.335376
12.611417
-3.418156
1.203356
12.870151
-3.851232
-0.162806
12.979421
-1.37298
1.203356
12.870151
-3.851232
0.902139
12.756828
-4.180197
-0.162806
12.979421
-1.37298
0.902139
12.756828
-4.180197
0.484568
12.881337
-4.21687
-0.162806
12.979421
-1.37298
0.484568
12.881337
-4.21687
0.345303
12.866721
-4.289005
-0.162806
12.979421
-1.37298
0.345303
12.866721
-4.289005
0.195699
12.838588
-4.13035
-0.162806
12.979421
-1.37298
0.195699
12.838588
-4.13035
-0.136045
13.253499
-4.190571
-0.162806
12.979421
-1.37298
-0.136045
13.253499
-4.190571
-0.507129
13.478759
-4.222855
-0.162806
12.979421
-1.37298
-0.507129
13.478759
-4.222855
-0.859978
13.385995
-3.94772
-0.162806
12.979421
-1.37298
-0.859978
13.385995
-3.94772
-1.192933
13.393667
-3.466449
-0.162806
12.979421
-1.37298
-1.192933
13.393667
-3.466449
-1.634787
13.724564
-3.101861
-0.162806
12.979421
-1.37298
-1.634787
13.724564
-3.101861
-2.166409
13.70516
-2.949821
-0.162806
12.979421
-1.37298
-2.166409
13.70516
-2.949821
-2.293746
13.813723
-2.029923
-0.162806
12.979421
-1.37298
-2.293746
13.813723
-2.029923
-2.406439
13.724634
-1.154762
-0.162806
12.979421
-1.37298
-2.406439
13.724634
-1.154762
-2.218286
13.23308
-0.506513
-0.162806
12.979421
-1.37298
-2.218286
13.23308
-0.506513
-2.007411
13.139756
0.168189
-0.162806
12.979421
-1.37298
-2.007411
13.139756
0.168189
-1.893276
13.157067
0.693553
-0.162806
12.979421
-1.37298
-1.893276
13.157067
0.693553
-1.740704
13.178256
1.016652
-0.162806
12.979421
-1.37298
-1.740704
13.178256
1.016652
-1.517327
13.354201
1.04265
-0.162806
12.979421
-1.37298
-1.517327
13.354201
1.04265
-1.274203
13.629861
0.968149
-0.162806
12.979421
-1.37298
-1.274203
13.629861
0.968149
-1.186577
13.536544
0.86037
-0.162806
12.979421
-1.37298
-1.186577
13.536544
0.86037
-1.06862
13.250538
0.579152
-0.162806
12.979421
-1.37298
-1.06862
13.250538
0.579152
-0.549395
13.372016
0.900053
-0.162806
12.979421
-1.37298
-0.549395
13.372016
0.900053
-0.115906
13.257139
0.87367
-0.162806
12.979421
-1.37298
-0.115906
13.257139
0.87367
0.201348
13.50202
0.487151
-0.162806
12.979421
-1.37298
0.201348
13.50202
0.487151
0.493584
13.409676
0.126224
-0.162806
12.979421
-1.37298
0.493584
13.409676
0.126224
0.850332
13.17715
-0.088081
-0.162806
12.979421
-1.37298
0.850332
13.17715
-0.088081
1.19112
12.504562
-0.439908
-0.162806
12.979421
-1.37298
1.19112
12.504562
-0.439908
1.334333
12.285924
-1.241576
-0.162806
12.979421
-1.37298
1.334333
12.285924
-1.241576
1.508262
12.468841
-1.957494
-0.162806
12.979421
-1.37298
1.508262
12.468841
-1.957494
1.481242
12.344276
-2.564961
-0.162806
12.979421
-1.37298
1.481242
12.344276
-2.564961
1.4007
12.365556
-3.006829
-0.162806
12.979421
-1.37298
1.4007
12.365556
-3.006829
1.335376
12.611417
-3.418156
1.335376
12.611417
-3.418156
4.002628
11.660677
-2.921394
3.583461
12.209708
-3.894058
1.335376
12.611417
-3.418156
3.583461
12.209708
-3.894058
1.203356
12.870151
-3.851232
1.203356
12.870151
-3.851232
3.583461
12.209708
-3.894058
2.791964
12.80517
-5.18434
1.203356
12.870151
-3.851232
2.791964
12.80517
-5.18434
0.902139
12.756828
-4.180197
0.902139
12.756828
-4.180197
2.791964
12.80517
-5.18434
2.557009
13.381704
-6.611409
0.902139
12.756828
-4.180197
2.557009
13.381704
-6.611409
0.484568
12.881337
-4.21687
0.484568
12.881337
-4.21687
2.557009
13.381704
-6.611409
1.861832
14.063882
-7.433867
0.484568
12.881337
-4.21687
1.861832
14.063882
-7.433867
0.345303
12.866721
-4.289005
0.345303
12.866721
-4.289005
1.861832
14.063882
-7.433867
0.916265
14.150262
-7.497483
0.345303
12.866721
-4.289005
0.916265
14.150262
-7.497483
0.195699
12.838588
-4.13035
0.195699
12.838588
-4.13035
0.916265
14.150262
-7.497483
-0.057428
13.847743
-7.567861
0.195699
12.838588
-4.13035
-0.057428
13.847743
-7.567861
-0.136045
13.253499
-4.190571
-0.136045
13.253499
-4.190571
-0.057428
13.847743
-7.567861
-0.89355
12.986505
-7.121282
-0.136045
13.253499
-4.190571
-0.89355
12.986505
-7.121282
-0.507129
13.478759
-4.222855
-0.507129
13.478759
-4.222855
-0.89355
12.986505
-7.121282
-1.599969
11.937247
-6.393093
-0.507129
13.478759
-4.222855
-1.599969
11.937247
-6.393093
-0.859978
13.385995
-3.94772
-0.859978
13.385995
-3.94772
-1.599969
11.937247
-6.393093
-2.437799
11.631536
-5.701528
-0.859978
13.385995
-3.94772
-2.437799
11.631536
-5.701528
-1.192933
13.393667
-3.466449
-1.192933
13.393667
-3.466449
-2.437799
11.631536
-5.701528
-3.081904
11.809791
-4.963735
-1.192933
13.393667
-3.466449
-3.081904
11.809791
-4.963735
-1.634787
13.724564
-3.101861
-1.634787
13.724564
-3.101861
-3.081904
11.809791
-4.963735
-2.915885
10.881045
-2.621031
-1.634787
13.724564
-3.101861
-2.915885
10.881045
-2.621031
-2.166409
13.70516
-2.949821
-2.166409
13.70516
-2.949821
-2.915885
10.881045
-2.621031
-2.950794
10.256701
-1.18209
-2.166409
13.70516
-2.949821
-2.950794
10.256701
-1.18209
-2.293746
13.813723
-2.029923
-2.293746
13.813723
-2.029923
-2.950794
10.256701
-1.18209
-3.541202
10.600772
-0.37877
-2.293746
13.813723
-2.029923
-3.541202
10.600772
-0.37877
-2.406439
13.724634
-1.154762
-2.406439
13.724634
-1.154762
-3.541202
10.600772
-0.37877
-4.211739
11.201351
0.822682
-2.406439
13.724634
-1.154762
-4.211739
11.201351
0.822682
-2.218286
13.23308
-0.506513
-2.218286
13.23308
-0.506513
-4.211739
11.201351
0.822682
-3.857343
12.618333
1.568441
-2.218286
13.23308
-0.506513
-3.857343
12.618333
1.568441
-2.007411
13.139756
0.168189
-2.007411
13.139756
0.168189
-3.857343
12.618333
1.568441
-3.605301
12.205032
2.507589
-2.007411
13.139756
0.168189
-3.605301
12.205032
2.507589
-1.893276
13.157067
0.693553
-1.893276
13.157067
0.693553
-3.605301
12.205032
2.507589
-3.401692
11.952535
3.317342
-1.893276
13.157067
0.693553
-3.401692
11.952535
3.317342
-1.740704
13.178256
1.016652
-1.740704
13.178256
1.016652
-3.401692
11.952535
3.317342
-2.768689
12.67056
4.060119
-1.740704
13.178256
1.016652
-2.768689
12.67056
4.060119
-1.517327
13.354201
1.04265
-1.517327
13.354201
1.04265
-2.768689
12.67056
4.060119
-2.056635
11.871433
4.778858
-1.517327
13.354201
1.04265
-2.056635
11.871433
4.778858
-1.274203
13.629861
0.968149
-1.274203
13.629861
0.968149
-2.056635
11.871433
4.778858
-1.129492
11.91169
5.401298
-1.274203
13.629861
0.968149
-1.129492
11.91169
5.401298
-1.186577
13.536544
0.86037
-1.186577
13.536544
0.86037
-1.129492
11.91169
5.401298
-0.495033
11.460722
4.915939
-1.186577
13.536544
0.86037
-0.495033
11.460722
4.915939
-1.06862
13.250538
0.579152
-1.06862
13.250538
0.579152
-0.495033
11.460722
4.915939
-0.19677
12.328372
3.029719
-1.06862
13.250538
0.579152
-0.19677
12.328372
3.029719
-0.549395
13.372016
0.900053
-0.549395
13.372016
0.900053
-0.19677
12.328372
3.029719
0.828303
12.332278
2.687405
-0.549395
13.372016
0.900053
0.828303
12.332278
2.687405
-0.115906
13.257139
0.87367
-0.115906
13.257139
0.87367
0.828303
12.332278
2.687405
1.580467
12.18749
2.164974
-0.115906
13.257139
0.87367
1.580467
12.18749
2.164974
0.201348
13.50202
0.487151
0.201348
13.50202
0.487151
1.580467
12.18749
2.164974
1.967777
12.424496
1.109815
0.201348
13.50202
0.487151
1.967777
12.424496
1.109815
0.493584
13.409676
0.126224
0.493584
13.409676
0.126224
1.967777
12.424496
1.109815
2.177791
12.196296
0.177317
0.493584
13.409676
0.126224
2.177791
12.196296
0.177317
0.850332
13.17715
-0.088081
0.850332
13.17715
-0.088081
2.177791
12.196296
0.177317
2.458484
12.256489
-0.395311
0.850332
13.17715
-0.088081
2.458484
12.256489
-0.395311
1.19112
12.504562
-0.439908
1.19112
12.504562
-0.439908
2.458484
12.256489
-0.395311
2.605624
13.015996
-1.159319
1.19112
12.504562
-0.439908
2.605624
13.015996
-1.159319
1.334333
12.285924
-1.241576
1.334333
12.285924
-1.241576
2.605624
13.015996
-1.159319
3.068079
12.966989
-1.541393
1.334333
12.285924
-1.241576
3.068079
12.966989
-1.541393
1.508262
12.468841
-1.957494
1.508262
12.468841
-1.957494
3.068079
12.966989
-1.541393
3.493462
12.095622
-1.773394
1.508262
12.468841
-1.957494
3.493462
12.095622
-1.773394
1.481242
12.344276
-2.564961
1.481242
12.344276
-2.564961
3.493462
12.095622
-1.773394
3.926566
11.518633
-2.108666
1.481242
12.344276
-2.564961
3.926566
11.518633
-2.108666
1.4007
12.365556
-3.006829
1.4007
12.365556
-3.006829
3.926566
11.518633
-2.108666
4.002628
11.660677
-2.921394
1.4007
12.365556
-3.006829
4.002628
11.660677
-2.921394
1.335376
12.611417
-3.418156
4.002628
11.660677
-2.921394
7.042721
9.248386
-1.9824
6.724634
9.781387
-3.563602
4.002628
11.660677
-2.921394
6.724634
9.781387
-3.563602
3.583461
12.209708
-3.894058
3.583461
12.209708
-3.894058
6.724634
9.781387
-3.563602
6.266393
9.613919
-4.952199
3.583461
12.209708
-3.894058
6.266393
9.613919
-4.952199
2.791964
12.80517
-5.18434
2.791964
12.80517
-5.18434
6.266393
9.613919
-4.952199
5.207594
9.659048
-6.869051
2.791964
12.80517
-5.18434
5.207594
9.659048
-6.869051
2.557009
13.381704
-6.611409
2.557009
13.381704
-6.611409
5.207594
9.659048
-6.869051
3.593828
10.604699
-8.754704
2.557009
13.381704
-6.611409
3.593828
10.604699
-8.754704
1.861832
14.063882
-7.433867
1.861832
14.063882
-7.433867
3.593828
10.604699
-8.754704
2.267454
10.523457
-10.70034
1.861832
14.063882
-7.433867
2.267454
10.523457
-10.70034
0.916265
14.150262
-7.497483
0.916265
14.150262
-7.497483
2.267454
10.523457
-10.70034
1.349418
9.912987
-11.089288
0.916265
14.150262
-7.497483
1.349418
9.912987
-11.089288
-0.057428
13.847743
-7.567861
-0.057428
13.847743
-7.567861
1.349418
9.912987
-11.089288
0.292628
9.069872
-10.870874
-0.057428
13.847743
-7.567861
0.292628
9.069872
-10.870874
-0.89355
12.986505
-7.121282
-0.89355
12.986505
-7.121282
0.292628
9.069872
-10.870874
-0.911855
7.976101
-9.941792
-0.89355
12.986505
-7.121282
-0.911855
7.976101
-9.941792
-1.599969
11.937247
-6.393093
-1.599969
11.937247
-6.393093
-0.911855
7.976101
-9.941792
-2.129519
7.636958
-8.17096
-1.599969
11.937247
-6.393093
-2.129519
7.636958
-8.17096
-2.437799
11.631536
-5.701528
-2.437799
11.631536
-5.701528
-2.129519
7.636958
-8.17096
-3.270484
8.700363
-5.906894
-2.437799
11.631536
-5.701528
-3.270484
8.700363
-5.906894
-3.081904
11.809791
-4.963735
-3.081904
11.809791
-4.963735
-3.270484
8.700363
-5.906894
-4.147269
10.631411
-3.581165
-3.081904
11.809791
-4.963735
-4.147269
10.631411
-3.581165
-2.915885
10.881045
-2.621031
-2.915885
10.881045
-2.621031
-4.147269
10.631411
-3.581165
-4.952122
10.985625
-1.67083
-2.915885
10.881045
-2.621031
-4.952122
10.985625
-1.67083
-2.950794
10.256701
-1.18209
-2.950794
10.256701
-1.18209
-4.952122
10.985625
-1.67083
-4.819535
10.860752
0.770098
-2.950794
10.256701
-1.18209
-4.819535
10.860752
0.770098
-3.541202
10.600772
-0.37877
-3.541202
10.600772
-0.37877
-4.819535
10.860752
0.770098
-4.421578
10.600177
3.330957
-3.541202
10.600772
-0.37877
-4.421578
10.600177
3.330957
-4.211739
11.201351
0.822682
-4.211739
11.201351
0.822682
-4.421578
10.600177
3.330957
-3.896669
10.824786
5.496316
-4.211739
11.201351
0.822682
-3.896669
10.824786
5.496316
-3.857343
12.618333
1.568441
-3.857343
12.618333
1.568441
-3.896669
10.824786
5.496316
-3.397485
11.334281
7.014945
-3.857343
12.618333
1.568441
-3.397485
11.334281
7.014945
-3.605301
12.205032
2.507589
-3.605301
12.205032
2.507589
-3.397485
11.334281
7.014945
-2.945936
11.495246
7.953897
-3.605301
12.205032
2.507589
-2.945936
11.495246
7.953897
-3.401692
11.952535
3.317342
-3.401692
11.952535
3.317342
-2.945936
11.495246
7.953897
-2.513448
11.742318
8.160838
-3.401692
11.952535
3.317342
-2.513448
11.742318
8.160838
-2.768689
12.67056
4.060119
-2.768689
12.67056
4.060119
-2.513448
11.742318
8.160838
-2.214184
10.704687
8.081983
-2.768689
12.67056
4.060119
-2.214184
10.704687
8.081983
-2.056635
11.871433
4.778858
-2.056635
11.871433
4.778858
-2.214184
10.704687
8.081983
-1.193346
10.690295
7.299936
-2.056635
11.871433
4.778858
-1.193346
10.690295
7.299936
-1.129492
11.91169
5.401298
-1.129492
11.91169
5.401298
-1.193346
10.690295
7.299936
0.239659
9.585233
7.248129
-1.129492
11.91169
5.401298
0.239659
9.585233
7.248129
-0.495033
11.460722
4.915939
-0.495033
11.460722
4.915939
0.239659
9.585233
7.248129
1.495851
10.576685
6.41732
-0.495033
11.460722
4.915939
1.495851
10.576685
6.41732
-0.19677
12.328372
3.029719
-0.19677
12.328372
3.029719
1.495851
10.576685
6.41732
2.381232
10.313121
5.513256
-0.19677
12.328372
3.029719
2.381232
10.313121
5.513256
0.828303
12.332278
2.687405
0.828303
12.332278
2.687405
2.381232
10.313121
5.513256
3.211817
10.043943
4.200637
0.828303
12.332278
2.687405
3.211817
10.043943
4.200637
1.580467
12.18749
2.164974
1.580467
12.18749
2.164974
3.211817
10.043943
4.200637
3.863076
10.940636
2.756684
1.580467
12.18749
2.164974
3.863076
10.940636
2.756684
1.967777
12.424496
1.109815
1.967777
12.424496
1.109815
3.863076
10.940636
2.756684
4.646929
10.760057
1.545971
1.967777
12.424496
1.109815
4.646929
10.760057
1.545971
2.177791
12.196296
0.177317
2.177791
12.196296
0.177317
4.646929
10.760057
1.545971
5.121795
10.716258
0.550851
2.177791
12.196296
0.177317
5.121795
10.716258
0.550851
2.458484
12.256489
-0.395311
2.458484
12.256489
-0.395311
5.121795
10.716258
0.550851
5.749849
10.621947
0.92246
2.458484
12.256489
-0.395311
5.749849
10.621947
0.92246
2.605624
13.015996
-1.159319
2.605624
13.015996
-1.159319
5.749849
10.621947
0.92246
5.981003
11.339223
1.095409
2.605624
13.015996
-1.159319
5.981003
11.339223
1.095409
3.068079
12.966989
-1.541393
3.068079
12.966989
-1.541393
5.981003
11.339223
1.095409
6.642853
10.398542
0.653968
3.068079
12.966989
-1.541393
6.642853
10.398542
0.653968
3.493462
12.095622
-1.773394
3.493462
12.095622
-1.773394
6.642853
10.398542
0.653968
6.846791
10.036684
-0.667457
3.493462
12.095622
-1.773394
6.846791
10.036684
-0.667457
3.926566
11.518633
-2.108666
3.926566
11.518633
-2.108666
6.846791
10.036684
-0.667457
7.042721
9.248386
-1.9824
3.926566
11.518633
-2.108666
7.042721
9.248386
-1.9824
4.002628
11.660677
-2.921394
7.042721
9.248386
-1.9824
9.77137
8.422463
-1.315384
9.39435
9.128686
-2.873759
7.042721
9.248386
-1.9824
9.39435
9.128686
-2.873759
6.724634
9.781387
-3.563602
6.724634
9.781387
-3.563602
9.39435
9.128686
-2.873759
8.893472
8.789487
-4.356121
6.724634
9.781387
-3.563602
8.893472
8.789487
-4.356121
6.266393
9.613919
-4.952199
6.266393
9.613919
-4.952199
8.893472
8.789487
-4.356121
7.606991
7.929999
-6.152678
6.266393
9.613919
-4.952199
7.606991
7.929999
-6.152678
5.207594
9.659048
-6.869051
5.207594
9.659048
-6.869051
7.606991
7.929999
-6.152678
6.274401
8.677368
-7.509649
5.207594
9.659048
-6.869051
6.274401
8.677368
-7.509649
3.593828
10.604699
-8.754704
3.593828
10.604699
-8.754704
6.274401
8.677368
-7.509649
4.10746
7.77469
-10.434837
3.593828
10.604699
-8.754704
4.10746
7.77469
-10.434837
2.267454
10.523457
-10.70034
2.267454
10.523457
-10.70034
4.10746
7.77469
-10.434837
1.117676
7.095627
-14.133616
2.267454
10.523457
-10.70034
1.117676
7.095627
-14.133616
1.349418
9.912987
-11.089288
1.349418
9.912987
-11.089288
1.117676
7.095627
-14.133616
-1.011255
5.699673
-13.764198
1.349418
9.912987
-11.089288
-1.011255
5.699673
-13.764198
0.292628
9.069872
-10.870874
0.292628
9.069872
-10.870874
-1.011255
5.699673
-13.764198
-2.428825
6.170367
-11.023929
0.292628
9.069872
-10.870874
-2.428825
6.170367
-11.023929
-0.911855
7.976101
-9.941792
-0.911855
7.976101
-9.941792
-2.428825
6.170367
-11.023929
-3.986185
6.369167
-8.85157
-0.911855
7.976101
-9.941792
-3.986185
6.369167
-8.85157
-2.129519
7.636958
-8.17096
-2.129519
7.636958
-8.17096
-3.986185
6.369167
-8.85157
-5.260206
6.286882
-6.613999
-2.129519
7.636958
-8.17096
-5.260206
6.286882
-6.613999
-3.270484
8.700363
-5.906894
-3.270484
8.700363
-5.906894
-5.260206
6.286882
-6.613999
-6.402312
8.116297
-4.732511
-3.270484
8.700363
-5.906894
-6.402312
8.116297
-4.732511
-4.147269
10.631411
-3.581165
-4.147269
10.631411
-3.581165
-6.402312
8.116297
-4.732511
-6.745536
8.369361
-1.746584
-4.147269
10.631411
-3.581165
-6.745536
8.369361
-1.746584
-4.952122
10.985625
-1.67083
-4.952122
10.985625
-1.67083
-6.745536
8.369361
-1.746584
-7.468566
7.789089
0.745507
-4.952122
10.985625
-1.67083
-7.468566
7.789089
0.745507
-4.819535
10.860752
0.770098
-4.819535
10.860752
0.770098
-7.468566
7.789089
0.745507
-6.922209
8.729455
2.812943
-4.819535
10.860752
0.770098
-6.922209
8.729455
2.812943
-4.421578
10.600177
3.330957
-4.421578
10.600177
3.330957
-6.922209
8.729455
2.812943
-6.643651
9.214016
4.649134
-4.421578
10.600177
3.330957
-6.643651
9.214016
4.649134
-3.896669
10.824786
5.496316
-3.896669
10.824786
5.496316
-6.643651
9.214016
4.649134
-5.918962
10.050768
6.372191
-3.896669
10.824786
5.496316
-5.918962
10.050768
6.372191
-3.397485
11.334281
7.014945
-3.397485
11.334281
7.014945
-5.918962
10.050768
6.372191
-5.205795
11.018441
7.884779
-3.397485
11.334281
7.014945
-5.205795
11.018441
7.884779
-2.945936
11.495246
7.953897
-2.945936
11.495246
7.953897
-5.205795
11.018441
7.884779
-4.18677
10.247986
9.302027
-2.945936
11.495246
7.953897
-4.18677
10.247986
9.302027
-2.513448
11.742318
8.160838
-2.513448
11.742318
8.160838
-4.18677
10.247986
9.302027
-2.072693
9.542582
9.440375
-2.513448
11.742318
8.160838
-2.072693
9.542582
9.440375
-2.214184
10.704687
8.081983
-2.214184
10.704687
8.081983
-2.072693
9.542582
9.440375
-0.117383
10.10044
9.225132
-2.214184
10.704687
8.081983
-0.117383
10.10044
9.225132
-1.193346
10.690295
7.299936
-1.193346
10.690295
7.299936
-0.117383
10.10044
9.225132
0.973756
10.689889
8.430436
-1.193346
10.690295
7.299936
0.973756
10.689889
8.430436
0.239659
9.585233
7.248129
0.239659
9.585233
7.248129
0.973756
10.689889
8.430436
2.692417
10.1115
8.774549
0.239659
9.585233
7.248129
2.692417
10.1115
8.774549
1.495851
10.576685
6.41732
1.495851
10.576685
6.41732
2.692417
10.1115
8.774549
3.753659
10.285632
7.841372
1.495851
10.576685
6.41732
3.753659
10.285632
7.841372
2.381232
10.313121
5.513256
2.381232
10.313121
5.513256
3.753659
10.285632
7.841372
4.665185
10.409231
6.474762
2.381232
10.313121
5.513256
4.665185
10.409231
6.474762
3.211817
10.043943
4.200637
3.211817
10.043943
4.200637
4.665185
10.409231
6.474762
5.314274
11.036494
3.856727
3.211817
10.043943
4.200637
5.314274
11.036494
3.856727
3.863076
10.940636
2.756684
3.863076
10.940636
2.756684
5.314274
11.036494
3.856727
6.401724
10.960747
2.33751
3.863076
10.940636
2.756684
6.401724
10.960747
2.33751
4.646929
10.760057
1.545971
4.646929
10.760057
1.545971
6.401724
10.960747
2.33751
8.447453
10.074673
4.324922
4.646929
10.760057
1.545971
8.447453
10.074673
4.324922
5.121795
10.716258
0.550851
5.121795
10.716258
0.550851
8.447453
10.074673
4.324922
10.054849
8.907738
5.153148
5.121795
10.716258
0.550851
10.054849
8.907738
5.153148
5.749849
10.621947
0.92246
5.749849
10.621947
0.92246
10.054849
8.907738
5.153148
9.838458
9.444904
3.935778
5.749849
10.621947
0.92246
9.838458
9.444904
3.935778
5.981003
11.339223
1.095409
5.981003
11.339223
1.095409
9.838458
9.444904
3.935778
9.555889
7.761635
3.214533
5.981003
11.339223
1.095409
9.555889
7.761635
3.214533
6.642853
10.398542
0.653968
6.642853
10.398542
0.653968
9.555889
7.761635
3.214533
9.840859
7.056483
1.148749
6.642853
10.398542
0.653968
9.840859
7.056483
1.148749
6.846791
10.036684
-0.667457
6.846791
10.036684
-0.667457
9.840859
7.056483
1.148749
9.77137
8.422463
-1.315384
6.846791
10.036684
-0.667457
9.77137
8.422463
-1.315384
7.042721
9.248386
-1.9824
9.77137
8.422463
-1.315384
11.058285
5.583676
-4.620875
10.405843
6.645576
-6.591613
9.77137
8.422463
-1.315384
10.405843
6.645576
-6.591613
9.39435
9.128686
-2.873759
9.39435
9.128686
-2.873759
10.405843
6.645576
-6.591613
8.774857
7.801339
-7.406161
9.39435
9.128686
-2.873759
8.774857
7.801339
-7.406161
8.893472
8.789487
-4.356121
8.893472
8.789487
-4.356121
8.774857
7.801339
-7.406161
7.930468
7.830172
-8.065211
8.893472
8.789487
-4.356121
7.930468
7.830172
-8.065211
7.606991
7.929999
-6.152678
7.606991
7.929999
-6.152678
7.930468
7.830172
-8.065211
6.116719
7.268548
-10.286934
7.606991
7.929999
-6.152678
6.116719
7.268548
-10.286934
6.274401
8.677368
-7.509649
6.274401
8.677368
-7.509649
6.116719
7.268548
-10.286934
3.727374
5.141339
-12.506235
6.274401
8.677368
-7.509649
3.727374
5.141339
-12.506235
4.10746
7.77469
-10.434837
4.10746
7.77469
-10.434837
3.727374
5.141339
-12.506235
1.310911
6.171501
-12.144307
4.10746
7.77469
-10.434837
1.310911
6.171501
-12.144307
1.117676
7.095627
-14.133616
1.117676
7.095627
-14.133616
1.310911
6.171501
-12.144307
-1.739962
4.056717
-14.072961
1.117676
7.095627
-14.133616
-1.739962
4.056717
-14.072961
-1.011255
5.699673
-13.764198
-1.011255
5.699673
-13.764198
-1.739962
4.056717
-14.072961
-4.667866
4.383036
-13.652618
-1.011255
5.699673
-13.764198
-4.667866
4.383036
-13.652618
-2.428825
6.170367
-11.023929
-2.428825
6.170367
-11.023929
-4.667866
4.383036
-13.652618
-6.721386
5.134983
-11.161486
-2.428825
6.170367
-11.023929
-6.721386
5.134983
-11.161486
-3.986185
6.369167
-8.85157
-3.986185
6.369167
-8.85157
-6.721386
5.134983
-11.161486
-9.777565
4.311384
-10.263176
-3.986185
6.369167
-8.85157
-9.777565
4.311384
-10.263176
-5.260206
6.286882
-6.613999
-5.260206
6.286882
-6.613999
-9.777565
4.311384
-10.263176
-10.33053
6.469078
-6.484373
-5.260206
6.286882
-6.613999
-10.33053
6.469078
-6.484373
-6.402312
8.116297
-4.732511
-6.402312
8.116297
-4.732511
-10.33053
6.469078
-6.484373
-11.242322
5.770989
-3.759434
-6.402312
8.116297
-4.732511
-11.242322
5.770989
-3.759434
-6.745536
8.369361
-1.746584
-6.745536
8.369361
-1.746584
-11.242322
5.770989
-3.759434
-12.585923
3.892427
-1.419068
-6.745536
8.369361
-1.746584
-12.585923
3.892427
-1.419068
-7.468566
7.789089
0.745507
-7.468566
7.789089
0.745507
-12.585923
3.892427
-1.419068
-11.672563
6.951273
1.648682
-7.468566
7.789089
0.745507
-11.672563
6.951273
1.648682
-6.922209
8.729455
2.812943
-6.922209
8.729455
2.812943
-11.672563
6.951273
1.648682
-10.342003
6.955368
4.051607
-6.922209
8.729455
2.812943
-10.342003
6.955368
4.051607
-6.643651
9.214016
4.649134
-6.643651
9.214016
4.649134
-10.342003
6.955368
4.051607
-9.154901
8.014391
6.158446
-6.643651
9.214016
4.649134
-9.154901
8.014391
6.158446
-5.918962
10.050768
6.372191
-5.918962
10.050768
6.372191
-9.154901
8.014391
6.158446
-7.332248
9.065616
7.431725
-5.918962
10.050768
6.372191
-7.332248
9.065616
7.431725
-5.205795
11.018441
7.884779
-5.205795
11.018441
7.884779
-7.332248
9.065616
7.431725
-5.817994
7.910861
8.136947
-5.205795
11.018441
7.884779
-5.817994
7.910861
8.136947
-4.18677
10.247986
9.302027
-4.18677
10.247986
9.302027
-5.817994
7.910861
8.136947
-4.172763
8.129338
9.060912
-4.18677
10.247986
9.302027
-4.172763
8.129338
9.060912
-2.072693
9.542582
9.440375
-2.072693
9.542582
9.440375
-4.172763
8.129338
9.060912
-2.023805
7.283801
9.847418
-2.072693
9.542582
9.440375
-2.023805
7.283801
9.847418
-0.117383
10.10044
9.225132
-0.117383
10.10044
9.225132
-2.023805
7.283801
9.847418
-0.051121
7.900578
9.483964
-0.117383
10.10044
9.225132
-0.051121
7.900578
9.483964
0.973756
10.689889
8.430436
0.973756
10.689889
8.430436
-0.051121
7.900578
9.483964
1.052142
8.317897
8.701518
0.973756
10.689889
8.430436
1.052142
8.317897
8.701518
2.692417
10.1115
8.774549
2.692417
10.1115
8.774549
1.052142
8.317897
8.701518
3.005821
8.482124
9.3233
2.692417
10.1115
8.774549
3.005821
8.482124
9.3233
3.753659
10.285632
7.841372
3.753659
10.285632
7.841372
3.005821
8.482124
9.3233
4.340203
7.9303
8.104768
3.753659
10.285632
7.841372
4.340203
7.9303
8.104768
4.665185
10.409231
6.474762
4.665185
10.409231
6.474762
4.340203
7.9303
8.104768
6.105813
8.578157
7.47173
4.665185
10.409231
6.474762
6.105813
8.578157
7.47173
5.314274
11.036494
3.856727
5.314274
11.036494
3.856727
6.105813
8.578157
7.47173
8.057693
9.501905
7.353801
5.314274
11.036494
3.856727
8.057693
9.501905
7.353801
6.401724
10.960747
2.33751
6.401724
10.960747
2.33751
8.057693
9.501905
7.353801
9.800574
8.029791
5.708241
6.401724
10.960747
2.33751
9.800574
8.029791
5.708241
8.447453
10.074673
4.324922
8.447453
10.074673
4.324922
9.800574
8.029791
5.708241
10.626371
8.541274
4.897788
8.447453
10.074673
4.324922
10.626371
8.541274
4.897788
10.054849
8.907738
5.153148
10.054849
8.907738
5.153148
10.626371
8.541274
4.897788
11.228399
8.499218
3.88906
10.054849
8.907738
5.153148
11.228399
8.499218
3.88906
9.838458
9.444904
3.935778
9.838458
9.444904
3.935778
11.228399
8.499218
3.88906
12.51159
5.268935
0.990738
9.838458
9.444904
3.935778
12.51159
5.268935
0.990738
9.555889
7.761635
3.214533
9.555889
7.761635
3.214533
12.51159
5.268935
0.990738
11.882948
4.857881
-2.100875
9.555889
7.761635
3.214533
11.882948
4.857881
-2.100875
9.840859
7.056483
1.148749
9.840859
7.056483
1.148749
11.882948
4.857881
-2.100875
11.058285
5.583676
-4.620875
9.840859
7.056483
1.148749
11.058285
5.583676
-4.620875
9.77137
8.422463
-1.315384
11.058285
5.583676
-4.620875
14.047068
3.248
-3.7072
13.49075
4.092676
-6.284775
11.058285
5.583676
-4.620875
13.49075
4.092676
-6.284775
10.405843
6.645576
-6.591613
10.405843
6.645576
-6.591613
13.49075
4.092676
-6.284775
11.73536
4.911683
-7.391433
10.405843
6.645576
-6.591613
11.73536
4.911683
-7.391433
8.774857
7.801339
-7.406161
8.774857
7.801339
-7.406161
11.73536
4.911683
-7.391433
9.449993
7.125482
-8.30655
8.774857
7.801339
-7.406161
9.449993
7.125482
-8.30655
7.930468
7.830172
-8.065211
7.930468
7.830172
-8.065211
9.449993
7.125482
-8.30655
6.809257
5.430523
-10.463481
7.930468
7.830172
-8.065211
6.809257
5.430523
-10.463481
6.116719
7.268548
-10.286934
6.116719
7.268548
-10.286934
6.809257
5.430523
-10.463481
4.317943
3.395511
-13.391161
6.116719
7.268548
-10.286934
4.317943
3.395511
-13.391161
3.727374
5.141339
-12.506235
3.727374
5.141339
-12.506235
4.317943
3.395511
-13.391161
1.087457
3.510024
-13.88289
3.727374
5.141339
-12.506235
1.087457
3.510024
-13.88289
1.310911
6.171501
-12.144307
1.310911
6.171501
-12.144307
1.087457
3.510024
-13.88289
-2.334787
2.794351
-14.168
1.310911
6.171501
-12.144307
-2.334787
2.794351
-14.168
-1.739962
4.056717
-14.072961
-1.739962
4.056717
-14.072961
-2.334787
2.794351
-14.168
-5.674767
2.926455
-13.308673
-1.739962
4.056717
-14.072961
-5.674767
2.926455
-13.308673
-4.667866
4.383036
-13.652618
-4.667866
4.383036
-13.652618
-5.674767
2.926455
-13.308673
-7.882483
3.061744
-10.461577
-4.667866
4.383036
-13.652618
-7.882483
3.061744
-10.461577
-6.721386
5.134983
-11.161486
-6.721386
5.134983
-11.161486
-7.882483
3.061744
-10.461577
-10.558422
3.878658
-9.088359
-6.721386
5.134983
-11.161486
-10.558422
3.878658
-9.088359
-9.777565
4.311384
-10.263176
-9.777565
4.311384
-10.263176
-10.558422
3.878658
-9.088359
-11.981942
5.27303
-6.549396
-9.777565
4.311384
-10.263176
-11.981942
5.27303
-6.549396
-10.33053
6.469078
-6.484373
-10.33053
6.469078
-6.484373
-11.981942
5.27303
-6.549396
-14.647192
4.495274
-5.123762
-10.33053
6.469078
-6.484373
-14.647192
4.495274
-5.123762
-11.242322
5.770989
-3.759434
-11.242322
5.770989
-3.759434
-14.647192
4.495274
-5.123762
-15.007314
1.779057
-2.32491
-11.242322
5.770989
-3.759434
-15.007314
1.779057
-2.32491
-12.585923
3.892427
-1.419068
-12.585923
3.892427
-1.419068
-15.007314
1.779057
-2.32491
-13.886803
4.469094
0.496615
-12.585923
3.892427
-1.419068
-13.886803
4.469094
0.496615
-11.672563
6.951273
1.648682
-11.672563
6.951273
1.648682
-13.886803
4.469094
0.496615
-12.523707
5.186202
2.726066
-11.672563
6.951273
1.648682
-12.523707
5.186202
2.726066
-10.342003
6.955368
4.051607
-10.342003
6.955368
4.051607
-12.523707
5.186202
2.726066
-11.213237
6.749463
5.075994
-10.342003
6.955368
4.051607
-11.213237
6.749463
5.075994
-9.154901
8.014391
6.158446
-9.154901
8.014391
6.158446
-11.213237
6.749463
5.075994
-9.284268
7.020909
6.980666
-9.154901
8.014391
6.158446
-9.284268
7.020909
6.980666
-7.332248
9.065616
7.431725
-7.332248
9.065616
7.431725
-9.284268
7.020909
6.980666
-7.378483
6.094403
8.593928
-7.332248
9.065616
7.431725
-7.378483
6.094403
8.593928
-5.817994
7.910861
8.136947
-5.817994
7.910861
8.136947
-7.378483
6.094403
8.593928
-5.042793
5.988052
9.944361
-5.817994
7.910861
8.136947
-5.042793
5.988052
9.944361
-4.172763
8.129338
9.060912
-4.172763
8.129338
9.060912
-5.042793
5.988052
9.944361
-2.903649
4.912782
10.018029
-4.172763
8.129338
9.060912
-2.903649
4.912782
10.018029
-2.023805
7.283801
9.847418
-2.023805
7.283801
9.847418
-2.903649
4.912782
10.018029
0.394037
4.383771
11.916114
-2.023805
7.283801
9.847418
0.394037
4.383771
11.916114
-0.051121
7.900578
9.483964
-0.051121
7.900578
9.483964
0.394037
4.383771
11.916114
2.551073
4.779929
12.328799
-0.051121
7.900578
9.483964
2.551073
4.779929
12.328799
1.052142
8.317897
8.701518
1.052142
8.317897
8.701518
2.551073
4.779929
12.328799
4.768848
5.276348
13.032656
1.052142
8.317897
8.701518
4.768848
5.276348
13.032656
3.005821
8.482124
9.3233
3.005821
8.482124
9.3233
4.768848
5.276348
13.032656
6.088404
5.985735
11.071886
3.005821
8.482124
9.3233
6.088404
5.985735
11.071886
4.340203
7.9303
8.104768
4.340203
7.9303
8.104768
6.088404
5.985735
11.071886
7.90783
6.426868
10.141621
4.340203
7.9303
8.104768
7.90783
6.426868
10.141621
6.105813
8.578157
7.47173
6.105813
8.578157
7.47173
7.90783
6.426868
10.141621
9.853585
6.814836
8.992326
6.105813
8.578157
7.47173
9.853585
6.814836
8.992326
8.057693
9.501905
7.353801
8.057693
9.501905
7.353801
9.853585
6.814836
8.992326
11.838925
5.657127
7.734083
8.057693
9.501905
7.353801
11.838925
5.657127
7.734083
9.800574
8.029791
5.708241
9.800574
8.029791
5.708241
11.838925
5.657127
7.734083
12.603752
7.373485
6.8341
9.800574
8.029791
5.708241
12.603752
7.373485
6.8341
10.626371
8.541274
4.897788
10.626371
8.541274
4.897788
12.603752
7.373485
6.8341
13.473425
6.294918
5.636995
10.626371
8.541274
4.897788
13.473425
6.294918
5.636995
11.228399
8.499218
3.88906
11.228399
8.499218
3.88906
13.473425
6.294918
5.636995
14.711963
3.419276
2.887892
11.228399
8.499218
3.88906
14.711963
3.419276
2.887892
12.51159
5.268935
0.990738
12.51159
5.268935
0.990738
14.711963
3.419276
2.887892
14.832832
2.186856
-0.806015
12.51159
5.268935
0.990738
14.832832
2.186856
-0.806015
11.882948
4.857881
-2.100875
11.882948
4.857881
-2.100875
14.832832
2.186856
-0.806015
14.047068
3.248
-3.7072
11.882948
4.857881
-2.100875
14.047068
3.248
-3.7072
11.058285
5.583676
-4.620875
14.047068
3.248
-3.7072
15.677095
0.846643
-4.292008
15.474389
1.745758
-7.174405
14.047068
3.248
-3.7072
15.474389
1.745758
-7.174405
13.49075
4.092676
-6.284775
13.49075
4.092676
-6.284775
15.474389
1.745758
-7.174405
14.330365
2.151996
-8.888495
13.49075
4.092676
-6.284775
14.330365
2.151996
-8.888495
11.73536
4.911683
-7.391433
11.73536
4.911683
-7.391433
14.330365
2.151996
-8.888495
9.953433
5.447323
-10.118108
11.73536
4.911683
-7.391433
9.953433
5.447323
-10.118108
9.449993
7.125482
-8.30655
9.449993
7.125482
-8.30655
9.953433
5.447323
-10.118108
7.275212
3.592008
-11.164216
9.449993
7.125482
-8.30655
7.275212
3.592008
-11.164216
6.809257
5.430523
-10.463481
6.809257
5.430523
-10.463481
7.275212
3.592008
-11.164216
3.902906
1.825117
-14.435463
6.809257
5.430523
-10.463481
3.902906
1.825117
-14.435463
4.317943
3.395511
-13.391161
4.317943
3.395511
-13.391161
3.902906
1.825117
-14.435463
1.052016
0.798182
-15.276457
4.317943
3.395511
-13.391161
1.052016
0.798182
-15.276457
1.087457
3.510024
-13.88289
1.087457
3.510024
-13.88289
1.052016
0.798182
-15.276457
-2.253734
0.785757
-14.630658
1.087457
3.510024
-13.88289
-2.253734
0.785757
-14.630658
-2.334787
2.794351
-14.168
-2.334787
2.794351
-14.168
-2.253734
0.785757
-14.630658
-6.109061
1.071819
-14.374325
-2.334787
2.794351
-14.168
-6.109061
1.071819
-14.374325
-5.674767
2.926455
-13.308673
-5.674767
2.926455
-13.308673
-6.109061
1.071819
-14.374325
-8.395212
0.66703
-10.556854
-5.674767
2.926455
-13.308673
-8.395212
0.66703
-10.556854
-7.882483
3.061744
-10.461577
-7.882483
3.061744
-10.461577
-8.395212
0.66703
-10.556854
-10.498124
2.376689
-7.274225
-7.882483
3.061744
-10.461577
-10.498124
2.376689
-7.274225
-10.558422
3.878658
-9.088359
-10.558422
3.878658
-9.088359
-10.498124
2.376689
-7.274225
-14.355635
4.021437
-7.201733
-10.558422
3.878658
-9.088359
-14.355635
4.021437
-7.201733
-11.981942
5.27303
-6.549396
-11.981942
5.27303
-6.549396
-14.355635
4.021437
-7.201733
-17.070494
3.049123
-6.048483
-11.981942
5.27303
-6.549396
-17.070494
3.049123
-6.048483
-14.647192
4.495274
-5.123762
-14.647192
4.495274
-5.123762
-17.070494
3.049123
-6.048483
-18.11173
-0.049322
-4.015046
-14.647192
4.495274
-5.123762
-18.11173
-0.049322
-4.015046
-15.007314
1.779057
-2.32491
-15.007314
1.779057
-2.32491
-18.11173
-0.049322
-4.015046
-15.078399
1.628914
-0.650412
-15.007314
1.779057
-2.32491
-15.078399
1.628914
-0.650412
-13.886803
4.469094
0.496615
-13.886803
4.469094
0.496615
-15.078399
1.628914
-0.650412
-13.721393
3.081295
2.70109
-13.886803
4.469094
0.496615
-13.721393
3.081295
2.70109
-12.523707
5.186202
2.726066
-12.523707
5.186202
2.726066
-13.721393
3.081295
2.70109
-12.474882
4.568032
5.727197
-12.523707
5.186202
2.726066
-12.474882
4.568032
5.727197
-11.213237
6.749463
5.075994
-11.213237
6.749463
5.075994
-12.474882
4.568032
5.727197
-10.311623
4.544841
7.556794
-11.213237
6.749463
5.075994
-10.311623
4.544841
7.556794
-9.284268
7.020909
6.980666
-9.284268
7.020909
6.980666
-10.311623
4.544841
7.556794
-8.652945
3.428838
9.248253
-9.284268
7.020909
6.980666
-8.652945
3.428838
9.248253
-7.378483
6.094403
8.593928
-7.378483
6.094403
8.593928
-8.652945
3.428838
9.248253
-6.904373
2.87763
9.731512
-7.378483
6.094403
8.593928
-6.904373
2.87763
9.731512
-5.042793
5.988052
9.944361
-5.042793
5.988052
9.944361
-6.904373
2.87763
9.731512
-3.699668
2.423778
10.438533
-5.042793
5.988052
9.944361
-3.699668
2.423778
10.438533
-2.903649
4.912782
10.018029
-2.903649
4.912782
10.018029
-3.699668
2.423778
10.438533
-0.368893
0.553133
13.210862
-2.903649
4.912782
10.018029
-0.368893
0.553133
13.210862
0.394037
4.383771
11.916114
0.394037
4.383771
11.916114
-0.368893
0.553133
13.210862
3.922961
2.150638
16.468571
0.394037
4.383771
11.916114
3.922961
2.150638
16.468571
2.551073
4.779929
12.328799
2.551073
4.779929
12.328799
3.922961
2.150638
16.468571
5.610374
2.995104
15.648703
2.551073
4.779929
12.328799
5.610374
2.995104
15.648703
4.768848
5.276348
13.032656
4.768848
5.276348
13.032656
5.610374
2.995104
15.648703
6.809901
2.707432
13.068265
4.768848
5.276348
13.032656
6.809901
2.707432
13.068265
6.088404
5.985735
11.071886
6.088404
5.985735
11.071886
6.809901
2.707432
13.068265
9.13521
3.095456
12.723739
6.088404
5.985735
11.071886
9.13521
3.095456
12.723739
7.90783
6.426868
10.141621
7.90783
6.426868
10.141621
9.13521
3.095456
12.723739
10.97264
3.528203
10.657486
7.90783
6.426868
10.141621
10.97264
3.528203
10.657486
9.853585
6.814836
8.992326
9.853585
6.814836
8.992326
10.97264
3.528203
10.657486
12.81322
2.78208
8.989435
9.853585
6.814836
8.992326
12.81322
2.78208
8.989435
11.838925
5.657127
7.734083
11.838925
5.657127
7.734083
12.81322
2.78208
8.989435
14.095151
5.121032
8.074668
11.838925
5.657127
7.734083
14.095151
5.121032
8.074668
12.603752
7.373485
6.8341
12.603752
7.373485
6.8341
14.095151
5.121032
8.074668
14.711305
3.778775
5.396111
12.603752
7.373485
6.8341
14.711305
3.778775
5.396111
13.473425
6.294918
5.636995
13.473425
6.294918
5.636995
14.711305
3.778775
5.396111
15.940918
1.773212
2.745561
13.473425
6.294918
5.636995
15.940918
1.773212
2.745561
14.711963
3.419276
2.887892
14.711963
3.419276
2.887892
15.940918
1.773212
2.745561
16.564674
0.340907
-1.104299
14.711963
3.419276
2.887892
16.564674
0.340907
-1.104299
14.832832
2.186856
-0.806015
14.832832
2.186856
-0.806015
16.564674
0.340907
-1.104299
15.677095
0.846643
-4.292008
14.832832
2.186856
-0.806015
15.677095
0.846643
-4.292008
14.047068
3.248
-3.7072
15.677095
0.846643
-4.292008
16.633498
-1.340325
-4.58675
15.970367
-0.718683
-7.532175
15.677095
0.846643
-4.292008
15.970367
-0.718683
-7.532175
15.474389
1.745758
-7.174405
15.474389
1.745758
-7.174405
15.970367
-0.718683
-7.532175
14.099204
-0.278131
-9.053653
15.474389
1.745758
-7.174405
14.099204
-0.278131
-9.053653
14.330365
2.151996
-8.888495
14.330365
2.151996
-8.888495
14.099204
-0.278131
-9.053653
9.454613
3.00167
-11.08177
14.330365
2.151996
-8.888495
9.454613
3.00167
-11.08177
9.953433
5.447323
-10.118108
9.953433
5.447323
-10.118108
9.454613
3.00167
-11.08177
7.176043
1.164996
-12.405582
9.953433
5.447323
-10.118108
7.176043
1.164996
-12.405582
7.275212
3.592008
-11.164216
7.275212
3.592008
-11.164216
7.176043
1.164996
-12.405582
3.403344
-0.645351
-16.684535
7.275212
3.592008
-11.164216
3.403344
-0.645351
-16.684535
3.902906
1.825117
-14.435463
3.902906
1.825117
-14.435463
3.403344
-0.645351
-16.684535
0.750939
-2.020984
-16.216214
3.902906
1.825117
-14.435463
0.750939
-2.020984
-16.216214
1.052016
0.798182
-15.276457
1.052016
0.798182
-15.276457
0.750939
-2.020984
-16.216214
-2.336348
-1.716764
-15.189188
1.052016
0.798182
-15.276457
-2.336348
-1.716764
-15.189188
-2.253734
0.785757
-14.630658
-2.253734
0.785757
-14.630658
-2.336348
-1.716764
-15.189188
-6.35502
-1.281686
-15.177155
-2.253734
0.785757
-14.630658
-6.35502
-1.281686
-15.177155
-6.109061
1.071819
-14.374325
-6.109061
1.071819
-14.374325
-6.35502
-1.281686
-15.177155
-9.698423
-2.147922
-12.522027
-6.109061
1.071819
-14.374325
-9.698423
-2.147922
-12.522027
-8.395212
0.66703
-10.556854
-8.395212
0.66703
-10.556854
-9.698423
-2.147922
-12.522027
-13.05255
0.145558
-10.260054
-8.395212
0.66703
-10.556854
-13.05255
0.145558
-10.260054
-10.498124
2.376689
-7.274225
-10.498124
2.376689
-7.274225
-13.05255
0.145558
-10.260054
-17.274999
1.847734
-10.034332
-10.498124
2.376689
-7.274225
-17.274999
1.847734
-10.034332
-14.355635
4.021437
-7.201733
-14.355635
4.021437
-7.201733
-17.274999
1.847734
-10.034332
-19.430334
0.752178
-7.199395
-14.355635
4.021437
-7.201733
-19.430334
0.752178
-7.199395
-17.070494
3.049123
-6.048483
-17.070494
3.049123
-6.048483
-19.430334
0.752178
-7.199395
-20.91677
-2.240777
-4.198215
-17.070494
3.049123
-6.048483
-20.91677
-2.240777
-4.198215
-18.11173
-0.049322
-4.015046
-18.11173
-0.049322
-4.015046
-20.91677
-2.240777
-4.198215
-17.805886
-0.861287
-0.707
-18.11173
-0.049322
-4.015046
-17.805886
-0.861287
-0.707
-15.078399
1.628914
-0.650412
-15.078399
1.628914
-0.650412
-17.805886
-0.861287
-0.707
-15.339702
0.579229
2.985199
-15.078399
1.628914
-0.650412
-15.339702
0.579229
2.985199
-13.721393
3.081295
2.70109
-13.721393
3.081295
2.70109
-15.339702
0.579229
2.985199
-13.436787
1.830479
6.172481
-13.721393
3.081295
2.70109
-13.436787
1.830479
6.172481
-12.474882
4.568032
5.727197
-12.474882
4.568032
5.727197
-13.436787
1.830479
6.172481
-11.246998
1.753577
7.861091
-12.474882
4.568032
5.727197
-11.246998
1.753577
7.861091
-10.311623
4.544841
7.556794
-10.311623
4.544841
7.556794
-11.246998
1.753577
7.861091
-9.870595
0.802508
9.226462
-10.311623
4.544841
7.556794
-9.870595
0.802508
9.226462
-8.652945
3.428838
9.248253
-8.652945
3.428838
9.248253
-9.870595
0.802508
9.226462
-8.390361
0.165704
10.092894
-8.652945
3.428838
9.248253
-8.390361
0.165704
10.092894
-6.904373
2.87763
9.731512
-6.904373
2.87763
9.731512
-8.390361
0.165704
10.092894
-4.851042
-0.281687
10.357333
-6.904373
2.87763
9.731512
-4.851042
-0.281687
10.357333
-3.699668
2.423778
10.438533
-3.699668
2.423778
10.438533
-4.851042
-0.281687
10.357333
-2.153956
-1.98023
11.567633
-3.699668
2.423778
10.438533
-2.153956
-1.98023
11.567633
-0.368893
0.553133
13.210862
-0.368893
0.553133
13.210862
-2.153956
-1.98023
11.567633
2.736979
-0.463008
14.972083
-0.368893
0.553133
13.210862
2.736979
-0.463008
14.972083
3.922961
2.150638
16.468571
3.922961
2.150638
16.468571
2.736979
-0.463008
14.972083
5.309248
0.518931
15.614956
3.922961
2.150638
16.468571
5.309248
0.518931
15.614956
5.610374
2.995104
15.648703
5.610374
2.995104
15.648703
5.309248
0.518931
15.614956
7.206269
-0.014476
14.214466
5.610374
2.995104
15.648703
7.206269
-0.014476
14.214466
6.809901
2.707432
13.068265
6.809901
2.707432
13.068265
7.206269
-0.014476
14.214466
9.772077
0.374409
14.064029
6.809901
2.707432
13.068265
9.772077
0.374409
14.064029
9.13521
3.095456
12.723739
9.13521
3.095456
12.723739
9.772077
0.374409
14.064029
11.666347
0.853223
11.460197
9.13521
3.095456
12.723739
11.666347
0.853223
11.460197
10.97264
3.528203
10.657486
10.97264
3.528203
10.657486
11.666347
0.853223
11.460197
13.060096
-0.101801
8.331687
10.97264
3.528203
10.657486
13.060096
-0.101801
8.331687
12.81322
2.78208
8.989435
12.81322
2.78208
8.989435
13.060096
-0.101801
8.331687
14.797636
2.333891
8.256213
12.81322
2.78208
8.989435
14.797636
2.333891
8.256213
14.095151
5.121032
8.074668
14.095151
5.121032
8.074668
14.797636
2.333891
8.256213
15.093113
1.131641
5.405785
14.095151
5.121032
8.074668
15.093113
1.131641
5.405785
14.711305
3.778775
5.396111
14.711305
3.778775
5.396111
15.093113
1.131641
5.405785
16.859143
-0.479563
3.058195
14.711305
3.778775
5.396111
16.859143
-0.479563
3.058195
15.940918
1.773212
2.745561
15.940918
1.773212
2.745561
16.859143
-0.479563
3.058195
17.675175
-2.095548
-1.201102
15.940918
1.773212
2.745561
17.675175
-2.095548
-1.201102
16.564674
0.340907
-1.104299
16.564674
0.340907
-1.104299
17.675175
-2.095548
-1.201102
16.633498
-1.340325
-4.58675
16.564674
0.340907
-1.104299
16.633498
-1.340325
-4.58675
15.677095
0.846643
-4.292008
16.633498
-1.340325
-4.58675
17.57756
-4.207504
-3.330418
15.987692
-3.398514
-6.612613
16.633498
-1.340325
-4.58675
15.987692
-3.398514
-6.612613
15.970367
-0.718683
-7.532175
15.970367
-0.718683
-7.532175
15.987692
-3.398514
-6.612613
13.840302
-3.117919
-9.758049
15.970367
-0.718683
-7.532175
13.840302
-3.117919
-9.758049
14.099204
-0.278131
-9.053653
14.099204
-0.278131
-9.053653
13.840302
-3.117919
-9.758049
10.240895
0.28126
-9.87917
14.099204
-0.278131
-9.053653
10.240895
0.28126
-9.87917
9.454613
3.00167
-11.08177
9.454613
3.00167
-11.08177
10.240895
0.28126
-9.87917
7.208152
-1.672762
-12.567548
9.454613
3.00167
-11.08177
7.208152
-1.672762
-12.567548
7.176043
1.164996
-12.405582
7.176043
1.164996
-12.405582
7.208152
-1.672762
-12.567548
4.091787
-3.438841
-15.604365
7.176043
1.164996
-12.405582
4.091787
-3.438841
-15.604365
3.403344
-0.645351
-16.684535
3.403344
-0.645351
-16.684535
4.091787
-3.438841
-15.604365
0.340179
-4.500748
-18.000276
3.403344
-0.645351
-16.684535
0.340179
-4.500748
-18.000276
0.750939
-2.020984
-16.216214
0.750939
-2.020984
-16.216214
0.340179
-4.500748
-18.000276
-3.117632
-4.398877
-16.078517
0.750939
-2.020984
-16.216214
-3.117632
-4.398877
-16.078517
-2.336348
-1.716764
-15.189188
-2.336348
-1.716764
-15.189188
-3.117632
-4.398877
-16.078517
-7.079835
-4.037754
-14.512246
-2.336348
-1.716764
-15.189188
-7.079835
-4.037754
-14.512246
-6.35502
-1.281686
-15.177155
-6.35502
-1.281686
-15.177155
-7.079835
-4.037754
-14.512246
-10.827152
-4.344263
-13.749526
-6.35502
-1.281686
-15.177155
-10.827152
-4.344263
-13.749526
-9.698423
-2.147922
-12.522027
-9.698423
-2.147922
-12.522027
-10.827152
-4.344263
-13.749526
-13.854918
-2.505566
-11.748779
-9.698423
-2.147922
-12.522027
-13.854918
-2.505566
-11.748779
-13.05255
0.145558
-10.260054
-13.05255
0.145558
-10.260054
-13.854918
-2.505566
-11.748779
-17.57406
-0.81886
-10.49069
-13.05255
0.145558
-10.260054
-17.57406
-0.81886
-10.49069
-17.274999
1.847734
-10.034332
-17.274999
1.847734
-10.034332
-17.57406
-0.81886
-10.49069
-20.422241
-1.778301
-7.935529
-17.274999
1.847734
-10.034332
-20.422241
-1.778301
-7.935529
-19.430334
0.752178
-7.199395
-19.430334
0.752178
-7.199395
-20.422241
-1.778301
-7.935529
-21.043155
-4.972989
-4.366327
-19.430334
0.752178
-7.199395
-21.043155
-4.972989
-4.366327
-20.91677
-2.240777
-4.198215
-20.91677
-2.240777
-4.198215
-21.043155
-4.972989
-4.366327
-18.494378
-3.367896
-0.499394
-20.91677
-2.240777
-4.198215
-18.494378
-3.367896
-0.499394
-17.805886
-0.861287
-0.707
-17.805886
-0.861287
-0.707
-18.494378
-3.367896
-0.499394
-16.80875
-1.95538
2.354751
-17.805886
-0.861287
-0.707
-16.80875
-1.95538
2.354751
-15.339702
0.579229
2.985199
-15.339702
0.579229
2.985199
-16.80875
-1.95538
2.354751
-14.740054
-0.471933
4.445693
-15.339702
0.579229
2.985199
-14.740054
-0.471933
4.445693
-13.436787
1.830479
6.172481
-13.436787
1.830479
6.172481
-14.740054
-0.471933
4.445693
-12.419715
-0.593817
7.311521
-13.436787
1.830479
6.172481
-12.419715
-0.593817
7.311521
-11.246998
1.753577
7.861091
-11.246998
1.753577
7.861091
-12.419715
-0.593817
7.311521
-10.603929
-1.790964
9.805201
-11.246998
1.753577
7.861091
-10.603929
-1.790964
9.805201
-9.870595
0.802508
9.226462
-9.870595
0.802508
9.226462
-10.603929
-1.790964
9.805201
-8.049846
-2.339988
10.126417
-9.870595
0.802508
9.226462
-8.049846
-2.339988
10.126417
-8.390361
0.165704
10.092894
-8.390361
0.165704
10.092894
-8.049846
-2.339988
10.126417
-5.298748
-2.765245
10.042907
-8.390361
0.165704
10.092894
-5.298748
-2.765245
10.042907
-4.851042
-0.281687
10.357333
-4.851042
-0.281687
10.357333
-5.298748
-2.765245
10.042907
-1.702393
-4.599567
11.568774
-4.851042
-0.281687
10.357333
-1.702393
-4.599567
11.568774
-2.153956
-1.98023
11.567633
-2.153956
-1.98023
11.567633
-1.702393
-4.599567
11.568774
1.941044
-3.043712
14.317128
-2.153956
-1.98023
11.567633
1.941044
-3.043712
14.317128
2.736979
-0.463008
14.972083
2.736979
-0.463008
14.972083
1.941044
-3.043712
14.317128
5.045649
-2.183083
14.723415
2.736979
-0.463008
14.972083
5.045649
-2.183083
14.723415
5.309248
0.518931
15.614956
5.309248
0.518931
15.614956
5.045649
-2.183083
14.723415
7.91203
-2.446997
14.992355
5.309248
0.518931
15.614956
7.91203
-2.446997
14.992355
7.206269
-0.014476
14.214466
7.206269
-0.014476
14.214466
7.91203
-2.446997
14.992355
9.890713
-2.041186
13.492003
7.206269
-0.014476
14.214466
9.890713
-2.041186
13.492003
9.772077
0.374409
14.064029
9.772077
0.374409
14.064029
9.890713
-2.041186
13.492003
11.180085
-1.63779
10.253453
9.772077
0.374409
14.064029
11.180085
-1.63779
10.253453
11.666347
0.853223
11.460197
11.666347
0.853223
11.460197
11.180085
-1.63779
10.253453
14.189679
-2.291716
9.805327
11.666347
0.853223
11.460197
14.189679
-2.291716
9.805327
13.060096
-0.101801
8.331687
13.060096
-0.101801
8.331687
14.189679
-2.291716
9.805327
15.199835
0.013881
8.528793
13.060096
-0.101801
8.331687
15.199835
0.013881
8.528793
14.797636
2.333891
8.256213
14.797636
2.333891
8.256213
15.199835
0.013881
8.528793
16.314172
-1.258873
7.037541
14.797636
2.333891
8.256213
16.314172
-1.258873
7.037541
15.093113
1.131641
5.405785
15.093113
1.131641
5.405785
16.314172
-1.258873
7.037541
16.562791
-3.381084
2.595005
15.093113
1.131641
5.405785
16.562791
-3.381084
2.595005
16.859143
-0.479563
3.058195
16.859143
-0.479563
3.058195
16.562791
-3.381084
2.595005
17.855859
-4.726645
-0.190092
16.859143
-0.479563
3.058195
17.855859
-4.726645
-0.190092
17.675175
-2.095548
-1.201102
17.675175
-2.095548
-1.201102
17.855859
-4.726645
-0.190092
17.57756
-4.207504
-3.330418
17.675175
-2.095548
-1.201102
17.57756
-4.207504
-3.330418
16.633498
-1.340325
-4.58675
17.57756
-4.207504
-3.330418
16.789129
-6.874784
-4.347742
15.264186
-6.129564
-7.372428
17.57756
-4.207504
-3.330418
15.264186
-6.129564
-7.372428
15.987692
-3.398514
-6.612613
15.987692
-3.398514
-6.612613
15.264186
-6.129564
-7.372428
13.669278
-5.466552
-10.472273
15.987692
-3.398514
-6.612613
13.669278
-5.466552
-10.472273
13.840302
-3.117919
-9.758049
13.840302
-3.117919
-9.758049
13.669278
-5.466552
-10.472273
11.293576
-3.24184
-11.443222
13.840302
-3.117919
-9.758049
11.293576
-3.24184
-11.443222
10.240895
0.28126
-9.87917
10.240895
0.28126
-9.87917
11.293576
-3.24184
-11.443222
7.933758
-4.802042
-11.313379
10.240895
0.28126
-9.87917
7.933758
-4.802042
-11.313379
7.208152
-1.672762
-12.567548
7.208152
-1.672762
-12.567548
7.933758
-4.802042
-11.313379
4.526627
-6.895938
-15.077587
7.208152
-1.672762
-12.567548
4.526627
-6.895938
-15.077587
4.091787
-3.438841
-15.604365
4.091787
-3.438841
-15.604365
4.526627
-6.895938
-15.077587
1.567279
-6.806289
-16.175467
4.091787
-3.438841
-15.604365
1.567279
-6.806289
-16.175467
0.340179
-4.500748
-18.000276
0.340179
-4.500748
-18.000276
1.567279
-6.806289
-16.175467
-1.561924
-7.460726
-15.277199
0.340179
-4.500748
-18.000276
-1.561924
-7.460726
-15.277199
-3.117632
-4.398877
-16.078517
-3.117632
-4.398877
-16.078517
-1.561924
-7.460726
-15.277199
-5.536468
-7.278628
-14.941241
-3.117632
-4.398877
-16.078517
-5.536468
-7.278628
-14.941241
-7.079835
-4.037754
-14.512246
-7.079835
-4.037754
-14.512246
-5.536468
-7.278628
-14.941241
-9.395512
-7.01127
-14.180649
-7.079835
-4.037754
-14.512246
-9.395512
-7.01127
-14.180649
-10.827152
-4.344263
-13.749526
-10.827152
-4.344263
-13.749526
-9.395512
-7.01127
-14.180649
-12.338606
-6.126813
-11.176942
-10.827152
-4.344263
-13.749526
-12.338606
-6.126813
-11.176942
-13.854918
-2.505566
-11.748779
-13.854918
-2.505566
-11.748779
-12.338606
-6.126813
-11.176942
-15.147762
-4.638851
-7.985929
-13.854918
-2.505566
-11.748779
-15.147762
-4.638851
-7.985929
-17.57406
-0.81886
-10.49069
-17.57406
-0.81886
-10.49069
-15.147762
-4.638851
-7.985929
-18.848403
-5.256531
-7.535885
-17.57406
-0.81886
-10.49069
-18.848403
-5.256531
-7.535885
-20.422241
-1.778301
-7.935529
-20.422241
-1.778301
-7.935529
-18.848403
-5.256531
-7.535885
-18.330347
-8.024842
-4.702047
-20.422241
-1.778301
-7.935529
-18.330347
-8.024842
-4.702047
-21.043155
-4.972989
-4.366327
-21.043155
-4.972989
-4.366327
-18.330347
-8.024842
-4.702047
-16.492392
-5.568675
0.265139
-21.043155
-4.972989
-4.366327
-16.492392
-5.568675
0.265139
-18.494378
-3.367896
-0.499394
-18.494378
-3.367896
-0.499394
-16.492392
-5.568675
0.265139
-15.15171
-4.983937
4.004602
-18.494378
-3.367896
-0.499394
-15.15171
-4.983937
4.004602
-16.80875
-1.95538
2.354751
-16.80875
-1.95538
2.354751
-15.15171
-4.983937
4.004602
-12.928398
-3.486581
6.500648
-16.80875
-1.95538
2.354751
-12.928398
-3.486581
6.500648
-14.740054
-0.471933
4.445693
-14.740054
-0.471933
4.445693
-12.928398
-3.486581
6.500648
-10.642695
-3.250898
8.699579
-14.740054
-0.471933
4.445693
-10.642695
-3.250898
8.699579
-12.419715
-0.593817
7.311521
-12.419715
-0.593817
7.311521
-10.642695
-3.250898
8.699579
-9.101316
-4.191096
10.316761
-12.419715
-0.593817
7.311521
-9.101316
-4.191096
10.316761
-10.603929
-1.790964
9.805201
-10.603929
-1.790964
9.805201
-9.101316
-4.191096
10.316761
-7.297269
-4.229848
10.398514
-10.603929
-1.790964
9.805201
-7.297269
-4.229848
10.398514
-8.049846
-2.339988
10.126417
-8.049846
-2.339988
10.126417
-7.297269
-4.229848
10.398514
-4.282264
-5.305713
10.484579
-8.049846
-2.339988
10.126417
-4.282264
-5.305713
10.484579
-5.298748
-2.765245
10.042907
-5.298748
-2.765245
10.042907
-4.282264
-5.305713
10.484579
-0.452081
-5.935552
14.289681
-5.298748
-2.765245
10.042907
-0.452081
-5.935552
14.289681
-1.702393
-4.599567
11.568774
-1.702393
-4.599567
11.568774
-0.452081
-5.935552
14.289681
1.992879
-5.522664
14.940758
-1.702393
-4.599567
11.568774
1.992879
-5.522664
14.940758
1.941044
-3.043712
14.317128
1.941044
-3.043712
14.317128
1.992879
-5.522664
14.940758
4.438847
-4.940957
14.223125
1.941044
-3.043712
14.317128
4.438847
-4.940957
14.223125
5.045649
-2.183083
14.723415
5.045649
-2.183083
14.723415
4.438847
-4.940957
14.223125
7.194194
-4.184768
14.350147
5.045649
-2.183083
14.723415
7.194194
-4.184768
14.350147
7.91203
-2.446997
14.992355
7.91203
-2.446997
14.992355
7.194194
-4.184768
14.350147
9.518397
-3.683792
13.766263
7.91203
-2.446997
14.992355
9.518397
-3.683792
13.766263
9.890713
-2.041186
13.492003
9.890713
-2.041186
13.492003
9.518397
-3.683792
13.766263
10.986976
-3.287207
11.311734
9.890713
-2.041186
13.492003
10.986976
-3.287207
11.311734
11.180085
-1.63779
10.253453
11.180085
-1.63779
10.253453
10.986976
-3.287207
11.311734
13.40864
-4.38522
9.780988
11.180085
-1.63779
10.253453
13.40864
-4.38522
9.780988
14.189679
-2.291716
9.805327
14.189679
-2.291716
9.805327
13.40864
-4.38522
9.780988
15.670998
-2.553383
9.350117
14.189679
-2.291716
9.805327
15.670998
-2.553383
9.350117
15.199835
0.013881
8.528793
15.199835
0.013881
8.528793
15.670998
-2.553383
9.350117
15.776425
-3.742823
5.336401
15.199835
0.013881
8.528793
15.776425
-3.742823
5.336401
16.314172
-1.258873
7.037541
16.314172
-1.258873
7.037541
15.776425
-3.742823
5.336401
16.659489
-6.688311
1.502256
16.314172
-1.258873
7.037541
16.659489
-6.688311
1.502256
16.562791
-3.381084
2.595005
16.562791
-3.381084
2.595005
16.659489
-6.688311
1.502256
17.555132
-7.869225
-1.212575
16.562791
-3.381084
2.595005
17.555132
-7.869225
-1.212575
17.855859
-4.726645
-0.190092
17.855859
-4.726645
-0.190092
17.555132
-7.869225
-1.212575
16.789129
-6.874784
-4.347742
17.855859
-4.726645
-0.190092
16.789129
-6.874784
-4.347742
17.57756
-4.207504
-3.330418
16.789129
-6.874784
-4.347742
15.319542
-9.202018
-6.380297
13.67261
-8.249864
-8.944047
16.789129
-6.874784
-4.347742
13.67261
-8.249864
-8.944047
15.264186
-6.129564
-7.372428
15.264186
-6.129564
-7.372428
13.67261
-8.249864
-8.944047
12.011006
-7.097167
-9.713291
15.264186
-6.129564
-7.372428
12.011006
-7.097167
-9.713291
13.669278
-5.466552
-10.472273
13.669278
-5.466552
-10.472273
12.011006
-7.097167
-9.713291
9.332372
-7.043932
-9.904972
13.669278
-5.466552
-10.472273
9.332372
-7.043932
-9.904972
11.293576
-3.24184
-11.443222
11.293576
-3.24184
-11.443222
9.332372
-7.043932
-9.904972
7.241514
-7.60382
-11.814355
11.293576
-3.24184
-11.443222
7.241514
-7.60382
-11.814355
7.933758
-4.802042
-11.313379
7.933758
-4.802042
-11.313379
7.241514
-7.60382
-11.814355
5.796175
-9.696057
-12.410643
7.933758
-4.802042
-11.313379
5.796175
-9.696057
-12.410643
4.526627
-6.895938
-15.077587
4.526627
-6.895938
-15.077587
5.796175
-9.696057
-12.410643
2.08341
-8.747151
-14.649523
4.526627
-6.895938
-15.077587
2.08341
-8.747151
-14.649523
1.567279
-6.806289
-16.175467
1.567279
-6.806289
-16.175467
2.08341
-8.747151
-14.649523
-0.082054
-10.78035
-13.624772
1.567279
-6.806289
-16.175467
-0.082054
-10.78035
-13.624772
-1.561924
-7.460726
-15.277199
-1.561924
-7.460726
-15.277199
-0.082054
-10.78035
-13.624772
-3.666152
-10.413767
-13.262305
-1.561924
-7.460726
-15.277199
-3.666152
-10.413767
-13.262305
-5.536468
-7.278628
-14.941241
-5.536468
-7.278628
-14.941241
-3.666152
-10.413767
-13.262305
-7.305683
-9.588306
-13.185592
-5.536468
-7.278628
-14.941241
-7.305683
-9.588306
-13.185592
-9.395512
-7.01127
-14.180649
-9.395512
-7.01127
-14.180649
-7.305683
-9.588306
-13.185592
-11.286982
-10.286409
-11.819983
-9.395512
-7.01127
-14.180649
-11.286982
-10.286409
-11.819983
-12.338606
-6.126813
-11.176942
-12.338606
-6.126813
-11.176942
-11.286982
-10.286409
-11.819983
-14.578046
-7.886536
-11.261705
-12.338606
-6.126813
-11.176942
-14.578046
-7.886536
-11.261705
-15.147762
-4.638851
-7.985929
-15.147762
-4.638851
-7.985929
-14.578046
-7.886536
-11.261705
-16.662597
-8.500709
-7.034545
-15.147762
-4.638851
-7.985929
-16.662597
-8.500709
-7.034545
-18.848403
-5.256531
-7.535885
-18.848403
-5.256531
-7.535885
-16.662597
-8.500709
-7.034545
-16.512909
-10.604671
-1.826972
-18.848403
-5.256531
-7.535885
-16.512909
-10.604671
-1.826972
-18.330347
-8.024842
-4.702047
-18.330347
-8.024842
-4.702047
-16.512909
-10.604671
-1.826972
-14.755853
-7.669963
1.106385
-18.330347
-8.024842
-4.702047
-14.755853
-7.669963
1.106385
-16.492392
-5.568675
0.265139
-16.492392
-5.568675
0.265139
-14.755853
-7.669963
1.106385
-12.632578
-7.831054
5.086655
-16.492392
-5.568675
0.265139
-12.632578
-7.831054
5.086655
-15.15171
-4.983937
4.004602
-15.15171
-4.983937
4.004602
-12.632578
-7.831054
5.086655
-10.688972
-6.809873
7.234626
-15.15171
-4.983937
4.004602
-10.688972
-6.809873
7.234626
-12.928398
-3.486581
6.500648
-12.928398
-3.486581
6.500648
-10.688972
-6.809873
7.234626
-8.53223
-5.821354
9.479981
-12.928398
-3.486581
6.500648
-8.53223
-5.821354
9.479981
-10.642695
-3.250898
8.699579
-10.642695
-3.250898
8.699579
-8.53223
-5.821354
9.479981
-7.854469
-6.992902
10.230304
-10.642695
-3.250898
8.699579
-7.854469
-6.992902
10.230304
-9.101316
-4.191096
10.316761
-9.101316
-4.191096
10.316761
-7.854469
-6.992902
10.230304
-5.056646
-6.759284
11.168479
-9.101316
-4.191096
10.316761
-5.056646
-6.759284
11.168479
-7.297269
-4.229848
10.398514
-7.297269
-4.229848
10.398514
-5.056646
-6.759284
11.168479
-4.161024
-7.543445
10.302152
-7.297269
-4.229848
10.398514
-4.161024
-7.543445
10.302152
-4.282264
-5.305713
10.484579
-4.282264
-5.305713
10.484579
-4.161024
-7.543445
10.302152
-1.962688
-6.922531
10.028277
-4.282264
-5.305713
10.484579
-1.962688
-6.922531
10.028277
-0.452081
-5.935552
14.289681
-0.452081
-5.935552
14.289681
-1.962688
-6.922531
10.028277
1.23655
-6.569682
12.698231
-0.452081
-5.935552
14.289681
1.23655
-6.569682
12.698231
1.992879
-5.522664
14.940758
1.992879
-5.522664
14.940758
1.23655
-6.569682
12.698231
3.535875
-6.374004
13.542515
1.992879
-5.522664
14.940758
3.535875
-6.374004
13.542515
4.438847
-4.940957
14.223125
4.438847
-4.940957
14.223125
3.535875
-6.374004
13.542515
6.346291
-6.861897
14.322189
4.438847
-4.940957
14.223125
6.346291
-6.861897
14.322189
7.194194
-4.184768
14.350147
7.194194
-4.184768
14.350147
6.346291
-6.861897
14.322189
8.509249
-6.127072
13.590703
7.194194
-4.184768
14.350147
8.509249
-6.127072
13.590703
9.518397
-3.683792
13.766263
9.518397
-3.683792
13.766263
8.509249
-6.127072
13.590703
10.301886
-5.136523
10.640217
9.518397
-3.683792
13.766263
10.301886
-5.136523
10.640217
10.986976
-3.287207
11.311734
10.986976
-3.287207
11.311734
10.301886
-5.136523
10.640217
13.175169
-6.477723
10.560739
10.986976
-3.287207
11.311734
13.175169
-6.477723
10.560739
13.40864
-4.38522
9.780988
13.40864
-4.38522
9.780988
13.175169
-6.477723
10.560739
14.124033
-5.969579
7.481845
13.40864
-4.38522
9.780988
14.124033
-5.969579
7.481845
15.670998
-2.553383
9.350117
15.670998
-2.553383
9.350117
14.124033
-5.969579
7.481845
15.484266
-5.990271
5.126527
15.670998
-2.553383
9.350117
15.484266
-5.990271
5.126527
15.776425
-3.742823
5.336401
15.776425
-3.742823
5.336401
15.484266
-5.990271
5.126527
15.554903
-9.324686
1.158759
15.776425
-3.742823
5.336401
15.554903
-9.324686
1.158759
16.659489
-6.688311
1.502256
16.659489
-6.688311
1.502256
15.554903
-9.324686
1.158759
15.937432
-9.834055
-3.413662
16.659489
-6.688311
1.502256
15.937432
-9.834055
-3.413662
17.555132
-7.869225
-1.212575
17.555132
-7.869225
-1.212575
15.937432
-9.834055
-3.413662
15.319542
-9.202018
-6.380297
17.555132
-7.869225
-1.212575
15.319542
-9.202018
-6.380297
16.789129
-6.874784
-4.347742
15.319542
-9.202018
-6.380297
14.068264
-10.321745
-3.240944
12.578846
-9.729433
-5.508706
15.319542
-9.202018
-6.380297
12.578846
-9.729433
-5.508706
13.67261
-8.249864
-8.944047
13.67261
-8.249864
-8.944047
12.578846
-9.729433
-5.508706
10.868648
-10.114797
-6.933269
13.67261
-8.249864
-8.944047
10.868648
-10.114797
-6.933269
12.011006
-7.097167
-9.713291
12.011006
-7.097167
-9.713291
10.868648
-10.114797
-6.933269
8.100344
-10.956694
-7.950509
12.011006
-7.097167
-9.713291
8.100344
-10.956694
-7.950509
9.332372
-7.043932
-9.904972
9.332372
-7.043932
-9.904972
8.100344
-10.956694
-7.950509
5.285805
-10.119515
-7.941122
9.332372
-7.043932
-9.904972
5.285805
-10.119515
-7.941122
7.241514
-7.60382
-11.814355
7.241514
-7.60382
-11.814355
5.285805
-10.119515
-7.941122
2.49515
-10.99686
-10.962812
7.241514
-7.60382
-11.814355
2.49515
-10.99686
-10.962812
5.796175
-9.696057
-12.410643
5.796175
-9.696057
-12.410643
2.49515
-10.99686
-10.962812
1.161972
-11.564763
-11.182402
5.796175
-9.696057
-12.410643
1.161972
-11.564763
-11.182402
2.08341
-8.747151
-14.649523
2.08341
-8.747151
-14.649523
1.161972
-11.564763
-11.182402
-0.144193
-12.970615
-9.429882
2.08341
-8.747151
-14.649523
-0.144193
-12.970615
-9.429882
-0.082054
-10.78035
-13.624772
-0.082054
-10.78035
-13.624772
-0.144193
-12.970615
-9.429882
-3.497053
-12.528012
-10.46178
-0.082054
-10.78035
-13.624772
-3.497053
-12.528012
-10.46178
-3.666152
-10.413767
-13.262305
-3.666152
-10.413767
-13.262305
-3.497053
-12.528012
-10.46178
-6.798701
-12.246472
-10.607604
-3.666152
-10.413767
-13.262305
-6.798701
-12.246472
-10.607604
-7.305683
-9.588306
-13.185592
-7.305683
-9.588306
-13.185592
-6.798701
-12.246472
-10.607604
-10.501862
-12.135739
-9.884644
-7.305683
-9.588306
-13.185592
-10.501862
-12.135739
-9.884644
-11.286982
-10.286409
-11.819983
-11.286982
-10.286409
-11.819983
-10.501862
-12.135739
-9.884644
-14.778624
-10.031889
-9.570309
-11.286982
-10.286409
-11.819983
-14.778624
-10.031889
-9.570309
-14.578046
-7.886536
-11.261705
-14.578046
-7.886536
-11.261705
-14.778624
-10.031889
-9.570309
-17.57574
-9.523731
-8.877813
-14.578046
-7.886536
-11.261705
-17.57574
-9.523731
-8.877813
-16.662597
-8.500709
-7.034545
-16.662597
-8.500709
-7.034545
-17.57574
-9.523731
-8.877813
-16.779371
-10.231739
-6.038277
-16.662597
-8.500709
-7.034545
-16.779371
-10.231739
-6.038277
-16.512909
-10.604671
-1.826972
-16.512909
-10.604671
-1.826972
-16.779371
-10.231739
-6.038277
-13.961262
-9.615095
-1.551816
-16.512909
-10.604671
-1.826972
-13.961262
-9.615095
-1.551816
-14.755853
-7.669963
1.106385
-14.755853
-7.669963
1.106385
-13.961262
-9.615095
-1.551816
-11.787279
-9.344195
2.174697
-14.755853
-7.669963
1.106385
-11.787279
-9.344195
2.174697
-12.632578
-7.831054
5.086655
-12.632578
-7.831054
5.086655
-11.787279
-9.344195
2.174697
-9.960307
-8.589672
4.33321
-12.632578
-7.831054
5.086655
-9.960307
-8.589672
4.33321
-10.688972
-6.809873
7.234626
-10.688972
-6.809873
7.234626
-9.960307
-8.589672
4.33321
-7.879984
-7.651511
5.842368
-10.688972
-6.809873
7.234626
-7.879984
-7.651511
5.842368
-8.53223
-5.821354
9.479981
-8.53223
-5.821354
9.479981
-7.879984
-7.651511
5.842368
-7.75061
-8.389654
6.335448
-8.53223
-5.821354
9.479981
-7.75061
-8.389654
6.335448
-7.854469
-6.992902
10.230304
-7.854469
-6.992902
10.230304
-7.75061
-8.389654
6.335448
-7.364217
-9.080687
5.352662
-7.854469
-6.992902
10.230304
-7.364217
-9.080687
5.352662
-5.056646
-6.759284
11.168479
-5.056646
-6.759284
11.168479
-7.364217
-9.080687
5.352662
-4.799137
-8.576785
5.147625
-5.056646
-6.759284
11.168479
-4.799137
-8.576785
5.147625
-4.161024
-7.543445
10.302152
-4.161024
-7.543445
10.302152
-4.799137
-8.576785
5.147625
-1.817991
-8.124039
7.905443
-4.161024
-7.543445
10.302152
-1.817991
-8.124039
7.905443
-1.962688
-6.922531
10.028277
-1.962688
-6.922531
10.028277
-1.817991
-8.124039
7.905443
1.511062
-8.761564
10.705709
-1.962688
-6.922531
10.028277
1.511062
-8.761564
10.705709
1.23655
-6.569682
12.698231
1.23655
-6.569682
12.698231
1.511062
-8.761564
10.705709
4.052461
-8.570366
11.875297
1.23655
-6.569682
12.698231
4.052461
-8.570366
11.875297
3.535875
-6.374004
13.542515
3.535875
-6.374004
13.542515
4.052461
-8.570366
11.875297
6.620439
-8.375318
12.69387
3.535875
-6.374004
13.542515
6.620439
-8.375318
12.69387
6.346291
-6.861897
14.322189
6.346291
-6.861897
14.322189
6.620439
-8.375318
12.69387
9.006529
-7.637154
13.357631
6.346291
-6.861897
14.322189
9.006529
-7.637154
13.357631
8.509249
-6.127072
13.590703
8.509249
-6.127072
13.590703
9.006529
-7.637154
13.357631
10.096289
-7.621376
10.189263
8.509249
-6.127072
13.590703
10.096289
-7.621376
10.189263
10.301886
-5.136523
10.640217
10.301886
-5.136523
10.640217
10.096289
-7.621376
10.189263
11.601002
-8.4994
8.10271
10.301886
-5.136523
10.640217
11.601002
-8.4994
8.10271
13.175169
-6.477723
10.560739
13.175169
-6.477723
10.560739
11.601002
-8.4994
8.10271
13.924092
-9.575762
8.274679
13.175169
-6.477723
10.560739
13.924092
-9.575762
8.274679
14.124033
-5.969579
7.481845
14.124033
-5.969579
7.481845
13.924092
-9.575762
8.274679
13.6437
-9.10518
5.006295
14.124033
-5.969579
7.481845
13.6437
-9.10518
5.006295
15.484266
-5.990271
5.126527
15.484266
-5.990271
5.126527
13.6437
-9.10518
5.006295
14.387527
-10.792432
2.252019
15.484266
-5.990271
5.126527
14.387527
-10.792432
2.252019
15.554903
-9.324686
1.158759
15.554903
-9.324686
1.158759
14.387527
-10.792432
2.252019
15.211973
-11.566688
-0.823326
15.554903
-9.324686
1.158759
15.211973
-11.566688
-0.823326
15.937432
-9.834055
-3.413662
15.937432
-9.834055
-3.413662
15.211973
-11.566688
-0.823326
14.068264
-10.321745
-3.240944
15.937432
-9.834055
-3.413662
14.068264
-10.321745
-3.240944
15.319542
-9.202018
-6.380297
14.068264
-10.321745
-3.240944
11.678198
-12.712518
-1.842729
10.126179
-12.257623
-3.660573
14.068264
-10.321745
-3.240944
10.126179
-12.257623
-3.660573
12.578846
-9.729433
-5.508706
12.578846
-9.729433
-5.508706
10.126179
-12.257623
-3.660573
8.774381
-12.458474
-4.952759
12.578846
-9.729433
-5.508706
8.774381
-12.458474
-4.952759
10.868648
-10.114797
-6.933269
10.868648
-10.114797
-6.933269
8.774381
-12.458474
-4.952759
7.701981
-12.37544
-5.485039
10.868648
-10.114797
-6.933269
7.701981
-12.37544
-5.485039
8.100344
-10.956694
-7.950509
8.100344
-10.956694
-7.950509
7.701981
-12.37544
-5.485039
5.267017
-11.414018
-6.668004
8.100344
-10.956694
-7.950509
5.267017
-11.414018
-6.668004
5.285805
-10.119515
-7.941122
5.285805
-10.119515
-7.941122
5.267017
-11.414018
-6.668004
2.186751
-11.41182
-6.955977
5.285805
-10.119515
-7.941122
2.186751
-11.41182
-6.955977
2.49515
-10.99686
-10.962812
2.49515
-10.99686
-10.962812
2.186751
-11.41182
-6.955977
0.131733
-11.992022
-7.056147
2.49515
-10.99686
-10.962812
0.131733
-11.992022
-7.056147
1.161972
-11.564763
-11.182402
1.161972
-11.564763
-11.182402
0.131733
-11.992022
-7.056147
-2.004051
-12.812842
-6.856465
1.161972
-11.564763
-11.182402
-2.004051
-12.812842
-6.856465
-0.144193
-12.970615
-9.429882
-0.144193
-12.970615
-9.429882
-2.004051
-12.812842
-6.856465
-4.606175
-13.878956
-7.368816
-0.144193
-12.970615
-9.429882
-4.606175
-13.878956
-7.368816
-3.497053
-12.528012
-10.46178
-3.497053
-12.528012
-10.46178
-4.606175
-13.878956
-7.368816
-7.418726
-14.149912
-8.236557
-3.497053
-12.528012
-10.46178
-7.418726
-14.149912
-8.236557
-6.798701
-12.246472
-10.607604
-6.798701
-12.246472
-10.607604
-7.418726
-14.149912
-8.236557
-9.512902
-13.032929
-7.667625
-6.798701
-12.246472
-10.607604
-9.512902
-13.032929
-7.667625
-10.501862
-12.135739
-9.884644
-10.501862
-12.135739
-9.884644
-9.512902
-13.032929
-7.667625
-10.647889
-11.112479
-5.74098
-10.501862
-12.135739
-9.884644
-10.647889
-11.112479
-5.74098
-14.778624
-10.031889
-9.570309
-14.778624
-10.031889
-9.570309
-10.647889
-11.112479
-5.74098
-11.139884
-10.737076
-5.703432
-14.778624
-10.031889
-9.570309
-11.139884
-10.737076
-5.703432
-17.57574
-9.523731
-8.877813
-17.57574
-9.523731
-8.877813
-11.139884
-10.737076
-5.703432
-12.454127
-10.704876
-6.5016
-17.57574
-9.523731
-8.877813
-12.454127
-10.704876
-6.5016
-16.779371
-10.231739
-6.038277
-16.779371
-10.231739
-6.038277
-12.454127
-10.704876
-6.5016
-12.6483
-10.933615
-4.533137
-16.779371
-10.231739
-6.038277
-12.6483
-10.933615
-4.533137
-13.961262
-9.615095
-1.551816
-13.961262
-9.615095
-1.551816
-12.6483
-10.933615
-4.533137
-11.89797
-10.740191
-2.765182
-13.961262
-9.615095
-1.551816
-11.89797
-10.740191
-2.765182
-11.787279
-9.344195
2.174697
-11.787279
-9.344195
2.174697
-11.89797
-10.740191
-2.765182
-10.317195
-10.30183
-1.333808
-11.787279
-9.344195
2.174697
-10.317195
-10.30183
-1.333808
-9.960307
-8.589672
4.33321
-9.960307
-8.589672
4.33321
-10.317195
-10.30183
-1.333808
-8.704059
-10.218124
0.133931
-9.960307
-8.589672
4.33321
-8.704059
-10.218124
0.133931
-7.879984
-7.651511
5.842368
-7.879984
-7.651511
5.842368
-8.704059
-10.218124
0.133931
-7.274673
-10.057705
1.571745
-7.879984
-7.651511
5.842368
-7.274673
-10.057705
1.571745
-7.75061
-8.389654
6.335448
-7.75061
-8.389654
6.335448
-7.274673
-10.057705
1.571745
-5.721919
-11.176438
2.737581
-7.75061
-8.389654
6.335448
-5.721919
-11.176438
2.737581
-7.364217
-9.080687
5.352662
-7.364217
-9.080687
5.352662
-5.721919
-11.176438
2.737581
-2.656626
-11.362981
6.066158
-7.364217
-9.080687
5.352662
-2.656626
-11.362981
6.066158
-4.799137
-8.576785
5.147625
-4.799137
-8.576785
5.147625
-2.656626
-11.362981
6.066158
-0.102599
-12.523406
7.897498
-4.799137
-8.576785
5.147625
-0.102599
-12.523406
7.897498
-1.817991
-8.124039
7.905443
-1.817991
-8.124039
7.905443
-0.102599
-12.523406
7.897498
1.328005
-11.540886
8.079883
-1.817991
-8.124039
7.905443
1.328005
-11.540886
8.079883
1.511062
-8.761564
10.705709
1.511062
-8.761564
10.705709
1.328005
-11.540886
8.079883
3.374847
-11.787902
8.818894
1.511062
-8.761564
10.705709
3.374847
-11.787902
8.818894
4.052461
-8.570366
11.875297
4.052461
-8.570366
11.875297
3.374847
-11.787902
8.818894
5.867505
-12.001836
10.221799
4.052461
-8.570366
11.875297
5.867505
-12.001836
10.221799
6.620439
-8.375318
12.69387
6.620439
-8.375318
12.69387
5.867505
-12.001836
10.221799
7.739389
-11.021283
10.548951
6.620439
-8.375318
12.69387
7.739389
-11.021283
10.548951
9.006529
-7.637154
13.357631
9.006529
-7.637154
13.357631
7.739389
-11.021283
10.548951
9.143869
-11.112234
9.447487
9.006529
-7.637154
13.357631
9.143869
-11.112234
9.447487
10.096289
-7.621376
10.189263
10.096289
-7.621376
10.189263
9.143869
-11.112234
9.447487
10.548874
-11.065033
7.894271
10.096289
-7.621376
10.189263
10.548874
-11.065033
7.894271
11.601002
-8.4994
8.10271
11.601002
-8.4994
8.10271
10.548874
-11.065033
7.894271
11.374699
-11.140185
6.285573
11.601002
-8.4994
8.10271
11.374699
-11.140185
6.285573
13.924092
-9.575762
8.274679
13.924092
-9.575762
8.274679
11.374699
-11.140185
6.285573
12.094586
-10.422972
4.710524
13.924092
-9.575762
8.274679
12.094586
-10.422972
4.710524
13.6437
-9.10518
5.006295
13.6437
-9.10518
5.006295
12.094586
-10.422972
4.710524
12.343758
-11.43065
1.999165
13.6437
-9.10518
5.006295
12.343758
-11.43065
1.999165
14.387527
-10.792432
2.252019
14.387527
-10.792432
2.252019
12.343758
-11.43065
1.999165
12.367628
-11.853884
-0.182637
14.387527
-10.792432
2.252019
12.367628
-11.853884
-0.182637
15.211973
-11.566688
-0.823326
15.211973
-11.566688
-0.823326
12.367628
-11.853884
-0.182637
11.678198
-12.712518
-1.842729
15.211973
-11.566688
-0.823326
11.678198
-12.712518
-1.842729
14.068264
-10.321745
-3.240944
11.678198
-12.712518
-1.842729
9.520434
-12.705217
-0.420483
8.710443
-12.202064
-1.741243
11.678198
-12.712518
-1.842729
8.710443
-12.202064
-1.741243
10.126179
-12.257623
-3.660573
10.126179
-12.257623
-3.660573
8.710443
-12.202064
-1.741243
7.444185
-11.644052
-2.967853
10.126179
-12.257623
-3.660573
7.444185
-11.644052
-2.967853
8.774381
-12.458474
-4.952759
8.774381
-12.458474
-4.952759
7.444185
-11.644052
-2.967853
5.902981
-11.077423
-4.035675
8.774381
-12.458474
-4.952759
5.902981
-11.077423
-4.035675
7.701981
-12.37544
-5.485039
7.701981
-12.37544
-5.485039
5.902981
-11.077423
-4.035675
4.404974
-10.407663
-4.967914
7.701981
-12.37544
-5.485039
4.404974
-10.407663
-4.967914
5.267017
-11.414018
-6.668004
5.267017
-11.414018
-6.668004
4.404974
-10.407663
-4.967914
3.024763
-10.304819
-3.812515
5.267017
-11.414018
-6.668004
3.024763
-10.304819
-3.812515
2.186751
-11.41182
-6.955977
2.186751
-11.41182
-6.955977
3.024763
-10.304819
-3.812515
1.784468
-10.610929
-2.860823
2.186751
-11.41182
-6.955977
1.784468
-10.610929
-2.860823
0.131733
-11.992022
-7.056147
0.131733
-11.992022
-7.056147
1.784468
-10.610929
-2.860823
0.223713
-11.49876
-3.215387
0.131733
-11.992022
-7.056147
0.223713
-11.49876
-3.215387
-2.004051
-12.812842
-6.856465
-2.004051
-12.812842
-6.856465
0.223713
-11.49876
-3.215387
-1.405467
-12.557699
-3.483067
-2.004051
-12.812842
-6.856465
-1.405467
-12.557699
-3.483067
-4.606175
-13.878956
-7.368816
-4.606175
-13.878956
-7.368816
-1.405467
-12.557699
-3.483067
-2.945985
-12.862388
-3.432716
-4.606175
-13.878956
-7.368816
-2.945985
-12.862388
-3.432716
-7.418726
-14.149912
-8.236557
-7.418726
-14.149912
-8.236557
-2.945985
-12.862388
-3.432716
-4.527509
-12.664232
-3.537436
-7.418726
-14.149912
-8.236557
-4.527509
-12.664232
-3.537436
-9.512902
-13.032929
-7.667625
-9.512902
-13.032929
-7.667625
-4.527509
-12.664232
-3.537436
-5.673871
-13.542466
-3.650528
-9.512902
-13.032929
-7.667625
-5.673871
-13.542466
-3.650528
-10.647889
-11.112479
-5.74098
-10.647889
-11.112479
-5.74098
-5.673871
-13.542466
-3.650528
-5.970027
-14.150262
-3.163209
-10.647889
-11.112479
-5.74098
-5.970027
-14.150262
-3.163209
-11.139884
-10.737076
-5.703432
-11.139884
-10.737076
-5.703432
-5.970027
-14.150262
-3.163209
-6.823593
-13.773991
-3.283378
-11.139884
-10.737076
-5.703432
-6.823593
-13.773991
-3.283378
-12.454127
-10.704876
-6.5016
-12.454127
-10.704876
-6.5016
-6.823593
-13.773991
-3.283378
-6.764366
-13.179145
-2.726731
-12.454127
-10.704876
-6.5016
-6.764366
-13.179145
-2.726731
-12.6483
-10.933615
-4.533137
-12.6483
-10.933615
-4.533137
-6.764366
-13.179145
-2.726731
-6.076231
-11.793929
-1.475656
-12.6483
-10.933615
-4.533137
-6.076231
-11.793929
-1.475656
-11.89797
-10.740191
-2.765182
-11.89797
-10.740191
-2.765182
-6.076231
-11.793929
-1.475656
-5.356554
-12.225038
-0.302547
-11.89797
-10.740191
-2.765182
-5.356554
-12.225038
-0.302547
-10.317195
-10.30183
-1.333808
-10.317195
-10.30183
-1.333808
-5.356554
-12.225038
-0.302547
-4.393508
-12.49605
0.723982
-10.317195
-10.30183
-1.333808
-4.393508
-12.49605
0.723982
-8.704059
-10.218124
0.133931
-8.704059
-10.218124
0.133931
-4.393508
-12.49605
0.723982
-3.285086
-11.788007
1.653631
-8.704059
-10.218124
0.133931
-3.285086
-11.788007
1.653631
-7.274673
-10.057705
1.571745
-7.274673
-10.057705
1.571745
-3.285086
-11.788007
1.653631
-2.310063
-12.612607
3.264779
-7.274673
-10.057705
1.571745
-2.310063
-12.612607
3.264779
-5.721919
-11.176438
2.737581
-5.721919
-11.176438
2.737581
-2.310063
-12.612607
3.264779
-0.990031
-12.612684
5.458971
-5.721919
-11.176438
2.737581
-0.990031
-12.612684
5.458971
-2.656626
-11.362981
6.066158
-2.656626
-11.362981
6.066158
-0.990031
-12.612684
5.458971
0.586852
-13.07824
6.294568
-2.656626
-11.362981
6.066158
0.586852
-13.07824
6.294568
-0.102599
-12.523406
7.897498
-0.102599
-12.523406
7.897498
0.586852
-13.07824
6.294568
2.424996
-12.225444
7.494578
-0.102599
-12.523406
7.897498
2.424996
-12.225444
7.494578
1.328005
-11.540886
8.079883
1.328005
-11.540886
8.079883
2.424996
-12.225444
7.494578
4.156229
-12.186699
8.407952
1.328005
-11.540886
8.079883
4.156229
-12.186699
8.407952
3.374847
-11.787902
8.818894
3.374847
-11.787902
8.818894
4.156229
-12.186699
8.407952
5.600238
-12.280506
8.698893
3.374847
-11.787902
8.818894
5.600238
-12.280506
8.698893
5.867505
-12.001836
10.221799
5.867505
-12.001836
10.221799
5.600238
-12.280506
8.698893
6.875778
-11.985897
8.822737
5.867505
-12.001836
10.221799
6.875778
-11.985897
8.822737
7.739389
-11.021283
10.548951
7.739389
-11.021283
10.548951
6.875778
-11.985897
8.822737
7.923692
-12.151832
8.573026
7.739389
-11.021283
10.548951
7.923692
-12.151832
8.573026
9.143869
-11.112234
9.447487
9.143869
-11.112234
9.447487
7.923692
-12.151832
8.573026
8.24187
-12.066985
6.604199
9.143869
-11.112234
9.447487
8.24187
-12.066985
6.604199
10.548874
-11.065033
7.894271
10.548874
-11.065033
7.894271
8.24187
-12.066985
6.604199
8.236879
-11.321128
4.041002
10.548874
-11.065033
7.894271
8.236879
-11.321128
4.041002
11.374699
-11.140185
6.285573
11.374699
-11.140185
6.285573
8.236879
-11.321128
4.041002
9.340688
-11.338369
2.94616
11.374699
-11.140185
6.285573
9.340688
-11.338369
2.94616
12.094586
-10.422972
4.710524
12.094586
-10.422972
4.710524
9.340688
-11.338369
2.94616
10.109995
-12.199768
1.823136
12.094586
-10.422972
4.710524
10.109995
-12.199768
1.823136
12.343758
-11.43065
1.999165
12.343758
-11.43065
1.999165
10.109995
-12.199768
1.823136
10.008677
-12.807361
0.743834
12.343758
-11.43065
1.999165
10.008677
-12.807361
0.743834
12.367628
-11.853884
-0.182637
12.367628
-11.853884
-0.182637
10.008677
-12.807361
0.743834
9.520434
-12.705217
-0.420483
12.367628
-11.853884
-0.182637
9.520434
-12.705217
-0.420483
11.678198
-12.712518
-1.842729
9.520434
-12.705217
-0.420483
6.972651
-13.284649
1.66964
6.440189
-13.042925
1.259979
9.520434
-12.705217
-0.420483
6.440189
-13.042925
1.259979
8.710443
-12.202064
-1.741243
8.710443
-12.202064
-1.741243
6.440189
-13.042925
1.259979
6.066256
-13.165551
1.191351
8.710443
-12.202064
-1.741243
6.066256
-13.165551
1.191351
7.444185
-11.644052
-2.967853
7.444185
-11.644052
-2.967853
6.066256
-13.165551
1.191351
5.468351
-13.064989
0.857857
7.444185
-11.644052
-2.967853
5.468351
-13.064989
0.857857
5.902981
-11.077423
-4.035675
5.902981
-11.077423
-4.035675
5.468351
-13.064989
0.857857
4.559639
-13.108361
0.000434
5.902981
-11.077423
-4.035675
4.559639
-13.108361
0.000434
4.404974
-10.407663
-4.967914
4.404974
-10.407663
-4.967914
4.559639
-13.108361
0.000434
3.448354
-13.164466
-0.907417
4.404974
-10.407663
-4.967914
3.448354
-13.164466
-0.907417
3.024763
-10.304819
-3.812515
3.024763
-10.304819
-3.812515
3.448354
-13.164466
-0.907417
2.568818
-12.76128
-1.129352
3.024763
-10.304819
-3.812515
2.568818
-12.76128
-1.129352
1.784468
-10.610929
-2.860823
1.784468
-10.610929
-2.860823
2.568818
-12.76128
-1.129352
2.045379
-12.539695
-0.465857
1.784468
-10.610929
-2.860823
2.045379
-12.539695
-0.465857
0.223713
-11.49876
-3.215387
0.223713
-11.49876
-3.215387
2.045379
-12.539695
-0.465857
1.334739
-12.643519
-0.267092
0.223713
-11.49876
-3.215387
1.334739
-12.643519
-0.267092
-1.405467
-12.557699
-3.483067
-1.405467
-12.557699
-3.483067
1.334739
-12.643519
-0.267092
0.449652
-12.645472
-0.711011
-1.405467
-12.557699
-3.483067
0.449652
-12.645472
-0.711011
-2.945985
-12.862388
-3.432716
-2.945985
-12.862388
-3.432716
0.449652
-12.645472
-0.711011
-0.171311
-12.322821
-0.654619
-2.945985
-12.862388
-3.432716
-0.171311
-12.322821
-0.654619
-4.527509
-12.664232
-3.537436
-4.527509
-12.664232
-3.537436
-0.171311
-12.322821
-0.654619
-0.636027
-12.352235
-0.500836
-4.527509
-12.664232
-3.537436
-0.636027
-12.352235
-0.500836
-5.673871
-13.542466
-3.650528
-5.673871
-13.542466
-3.650528
-0.636027
-12.352235
-0.500836
-0.914914
-12.243616
-0.263466
-5.673871
-13.542466
-3.650528
-0.914914
-12.243616
-0.263466
-5.970027
-14.150262
-3.163209
-5.970027
-14.150262
-3.163209
-0.914914
-12.243616
-0.263466
-1.182783
-12.328379
-0.088949
-5.970027
-14.150262
-3.163209
-1.182783
-12.328379
-0.088949
-6.823593
-13.773991
-3.283378
-6.823593
-13.773991
-3.283378
-1.182783
-12.328379
-0.088949
-1.245265
-12.813031
0.24108
-6.823593
-13.773991
-3.283378
-1.245265
-12.813031
0.24108
-6.764366
-13.179145
-2.726731
-6.764366
-13.179145
-2.726731
-1.245265
-12.813031
0.24108
-1.101828
-12.901651
0.698726
-6.764366
-13.179145
-2.726731
-1.101828
-12.901651
0.698726
-6.076231
-11.793929
-1.475656
-6.076231
-11.793929
-1.475656
-1.101828
-12.901651
0.698726
-0.639667
-12.882051
1.13673
-6.076231
-11.793929
-1.475656
-0.639667
-12.882051
1.13673
-5.356554
-12.225038
-0.302547
-5.356554
-12.225038
-0.302547
-0.639667
-12.882051
1.13673
-0.256109
-12.863158
1.85423
-5.356554
-12.225038
-0.302547
-0.256109
-12.863158
1.85423
-4.393508
-12.49605
0.723982
-4.393508
-12.49605
0.723982
-0.256109
-12.863158
1.85423
0.027636
-12.694885
2.645279
-4.393508
-12.49605
0.723982
0.027636
-12.694885
2.645279
-3.285086
-11.788007
1.653631
-3.285086
-11.788007
1.653631
0.027636
-12.694885
2.645279
0.754194
-12.421528
3.363437
-3.285086
-11.788007
1.653631
0.754194
-12.421528
3.363437
-2.310063
-12.612607
3.264779
-2.310063
-12.612607
3.264779
0.754194
-12.421528
3.363437
1.819895
-12.507306
4.039553
-2.310063
-12.612607
3.264779
1.819895
-12.507306
4.039553
-0.990031
-12.612684
5.458971
-0.990031
-12.612684
5.458971
1.819895
-12.507306
4.039553
2.787176
-12.779599
4.500629
-0.990031
-12.612684
5.458971
2.787176
-12.779599
4.500629
0.586852
-13.07824
6.294568
0.586852
-13.07824
6.294568
2.787176
-12.779599
4.500629
3.537394
-12.63696
4.944401
0.586852
-13.07824
6.294568
3.537394
-12.63696
4.944401
2.424996
-12.225444
7.494578
2.424996
-12.225444
7.494578
3.537394
-12.63696
4.944401
4.158084
-12.735688
5.322135
2.424996
-12.225444
7.494578
4.158084
-12.735688
5.322135
4.156229
-12.186699
8.407952
4.156229
-12.186699
8.407952
4.158084
-12.735688
5.322135
5.01788
-12.468057
5.922147
4.156229
-12.186699
8.407952
5.01788
-12.468057
5.922147
5.600238
-12.280506
8.698893
5.600238
-12.280506
8.698893
5.01788
-12.468057
5.922147
5.638122
-12.535299
5.625837
5.600238
-12.280506
8.698893
5.638122
-12.535299
5.625837
6.875778
-11.985897
8.822737
6.875778
-11.985897
8.822737
5.638122
-12.535299
5.625837
6.083077
-12.74826
4.58675
6.875778
-11.985897
8.822737
6.083077
-12.74826
4.58675
7.923692
-12.151832
8.573026
7.923692
-12.151832
8.573026
6.083077
-12.74826
4.58675
6.6199
-13.399554
4.260487
7.923692
-12.151832
8.573026
6.6199
-13.399554
4.260487
8.24187
-12.066985
6.604199
8.24187
-12.066985
6.604199
6.6199
-13.399554
4.260487
7.015834
-13.598067
4.480609
8.24187
-12.066985
6.604199
7.015834
-13.598067
4.480609
8.236879
-11.321128
4.041002
8.236879
-11.321128
4.041002
7.015834
-13.598067
4.480609
7.141246
-13.405637
4.450901
8.236879
-11.321128
4.041002
7.141246
-13.405637
4.450901
9.340688
-11.338369
2.94616
9.340688
-11.338369
2.94616
7.141246
-13.405637
4.450901
7.136339
-13.529719
3.694467
9.340688
-11.338369
2.94616
7.136339
-13.529719
3.694467
10.109995
-12.199768
1.823136
10.109995
-12.199768
1.823136
7.136339
-13.529719
3.694467
7.182539
-13.515663
2.496424
10.109995
-12.199768
1.823136
7.182539
-13.515663
2.496424
10.008677
-12.807361
0.743834
10.008677
-12.807361
0.743834
7.182539
-13.515663
2.496424
6.972651
-13.284649
1.66964
10.008677
-12.807361
0.743834
6.972651
-13.284649
1.66964
9.520434
-12.705217
-0.420483
3.565373
-13.533275
2.474024
6.440189
-13.042925
1.259979
6.972651
-13.284649
1.66964
3.565373
-13.533275
2.474024
6.066256
-13.165551
1.191351
6.440189
-13.042925
1.259979
3.565373
-13.533275
2.474024
5.468351
-13.064989
0.857857
6.066256
-13.165551
1.191351
3.565373
-13.533275
2.474024
4.559639
-13.108361
0.000434
5.468351
-13.064989
0.857857
3.565373
-13.533275
2.474024
3.448354
-13.164466
-0.907417
4.559639
-13.108361
0.000434
3.565373
-13.533275
2.474024
2.568818
-12.76128
-1.129352
3.448354
-13.164466
-0.907417
3.565373
-13.533275
2.474024
2.045379
-12.539695
-0.465857
2.568818
-12.76128
-1.129352
3.565373
-13.533275
2.474024
1.334739
-12.643519
-0.267092
2.045379
-12.539695
-0.465857
3.565373
-13.533275
2.474024
0.449652
-12.645472
-0.711011
1.334739
-12.643519
-0.267092
3.565373
-13.533275
2.474024
-0.171311
-12.322821
-0.654619
0.449652
-12.645472
-0.711011
3.565373
-13.533275
2.474024
-0.636027
-12.352235
-0.500836
-0.171311
-12.322821
-0.654619
3.565373
-13.533275
2.474024
-0.914914
-12.243616
-0.263466
-0.636027
-12.352235
-0.500836
3.565373
-13.533275
2.474024
-1.182783
-12.328379
-0.088949
-0.914914
-12.243616
-0.263466
3.565373
-13.533275
2.474024
-1.245265
-12.813031
0.24108
-1.182783
-12.328379
-0.088949
3.565373
-13.533275
2.474024
-1.101828
-12.901651
0.698726
-1.245265
-12.813031
0.24108
3.565373
-13.533275
2.474024
-0.639667
-12.882051
1.13673
-1.101828
-12.901651
0.698726
3.565373
-13.533275
2.474024
-0.256109
-12.863158
1.85423
-0.639667
-12.882051
1.13673
3.565373
-13.533275
2.474024
0.027636
-12.694885
2.645279
-0.256109
-12.863158
1.85423
3.565373
-13.533275
2.474024
0.754194
-12.421528
3.363437
0.027636
-12.694885
2.645279
3.565373
-13.533275
2.474024
1.819895
-12.507306
4.039553
0.754194
-12.421528
3.363437
3.565373
-13.533275
2.474024
2.787176
-12.779599
4.500629
1.819895
-12.507306
4.039553
3.565373
-13.533275
2.474024
3.537394
-12.63696
4.944401
2.787176
-12.779599
4.500629
3.565373
-13.533275
2.474024
4.158084
-12.735688
5.322135
3.537394
-12.63696
4.944401
3.565373
-13.533275
2.474024
5.01788
-12.468057
5.922147
4.158084
-12.735688
5.322135
3.565373
-13.533275
2.474024
5.638122
-12.535299
5.625837
5.01788
-12.468057
5.922147
3.565373
-13.533275
2.474024
6.083077
-12.74826
4.58675
5.638122
-12.535299
5.625837
3.565373
-13.533275
2.474024
6.6199
-13.399554
4.260487
6.083077
-12.74826
4.58675
3.565373
-13.533275
2.474024
7.015834
-13.598067
4.480609
6.6199
-13.399554
4.260487
3.565373
-13.533275
2.474024
7.141246
-13.405637
4.450901
7.015834
-13.598067
4.480609
3.565373
-13.533275
2.474024
7.136339
-13.529719
3.694467
7.141246
-13.405637
4.450901
3.565373
-13.533275
2.474024
7.182539
-13.515663
2.496424
7.136339
-13.529719
3.694467
3.565373
-13.533275
2.474024
6.972651
-13.284649
1.66964
7.182539
-13.515663
2.496424