0.9040
0.7926
0.8908
0.7044
0.7877
0.7049
0.7877
0.7049
0.7877
0.7931
0.9040
0.7926
0.6774
0.0155
0.6798
0.0364
0.7648
0.0375
0.7648
0.0375
0.7648
0.0155
0.6774
0.0155
0.8079
0.0237000000000001
0.8016
0.0231
0.8135
0.1114
0.8135
0.1114
0.8218
0.1118
0.8079
0.0237000000000001
0.0268
0.2978
0.0268
0.3389
0.1107
0.3528
0.1107
0.3528
0.1107
0.2759
0.0268
0.2978
0.0238
0.2825
0.0268
0.2978
0.1107
0.2759
0.1107
0.2759
0.1050
0.2598
0.0238
0.2825
0.8624
0.3065
0.8375
0.3064
0.8636
0.5094
0.8636
0.5094
0.9068
0.5092
0.8624
0.3065
0.9068
0.5092
0.8636
0.5094
0.8908
0.7044
0.8908
0.7044
0.9496
0.704
0.9068
0.5092
0.6774
0.0155
0.4866
0.0505
0.4857
0.0697
0.4857
0.0697
0.6798
0.0364
0.6774
0.0155
0.8218
0.1118
0.8135
0.1114
0.8375
0.3064
0.8375
0.3064
0.8624
0.3065
0.8218
0.1118
0.2960
0.2344
0.1107
0.2759
0.1107
0.3528
0.1107
0.3528
0.2960
0.3904
0.2960
0.2344
0.2932
0.215
0.1050
0.2598
0.1107
0.2759
0.1107
0.2759
0.2960
0.2344
0.2932
0.215
0.6743
0.2121
0.7582
0.2182
0.7561
0.1769
0.7561
0.1769
0.6748
0.1741
0.6743
0.2121
0.6707
0.0881999999999999
0.6798
0.0364
0.4857
0.0697
0.6707
0.0881999999999999
0.7536
0.1008
0.7648
0.0375
0.7648
0.0375
0.6798
0.0364
0.6707
0.0881999999999999
0.4920
0.2729
0.2960
0.2344
0.2960
0.3904
0.2960
0.3904
0.4893
0.4383
0.4920
0.2729
0.6743
0.2121
0.4920
0.2729
0.4893
0.4383
0.4893
0.4383
0.6743
0.4837
0.6743
0.2121
0.7582
0.2182
0.6743
0.2121
0.6743
0.4837
0.6743
0.4837
0.7582
0.5032
0.7582
0.2182
0.9738
0.3111
0.9633
0.4042
0.9638
0.404
0.9638
0.404
0.9733
0.3197
0.9738
0.3111
0.9633
0.4042
0.9513
0.5011
0.9529
0.4922
0.9529
0.4922
0.9638
0.404
0.9633
0.4042
0.9513
0.5011
0.9741
0.4027
0.9736
0.4029
0.9736
0.4029
0.9529
0.4922
0.9513
0.5011
0.9741
0.4027
0.9738
0.3111
0.9733
0.3197
0.9733
0.3197
0.9736
0.4029
0.9741
0.4027
0.9733
0.3197
0.9638
0.404
0.9630
0.4036
0.9630
0.4036
0.9725
0.3193
0.9733
0.3197
0.9638
0.404
0.9529
0.4922
0.9520
0.4919
0.9520
0.4919
0.9630
0.4036
0.9638
0.404
0.9529
0.4922
0.9736
0.4029
0.9727
0.4025
0.9727
0.4025
0.9520
0.4919
0.9529
0.4922
0.9736
0.4029
0.9733
0.3197
0.9725
0.3193
0.9725
0.3193
0.9727
0.4025
0.9736
0.4029
0.9440
0.5011
0.9513
0.5011
0.9507
0.5002
0.9507
0.5002
0.9440
0.5001
0.9440
0.5011
0.9513
0.5011
0.9633
0.4042
0.9626
0.4041
0.9626
0.4041
0.9507
0.5002
0.9513
0.5011
0.9633
0.4042
0.9738
0.3111
0.9730
0.3122
0.9730
0.3122
0.9626
0.4041
0.9633
0.4042
0.9738
0.3111
0.9559
0.3111
0.9565
0.3122
0.9565
0.3122
0.9730
0.3122
0.9738
0.3111
0.9559
0.3111
0.9516
0.4042
0.9522
0.4051
0.9522
0.4051
0.9565
0.3122
0.9559
0.3111
0.9516
0.4042
0.9440
0.4042
0.9440
0.4052
0.9440
0.4052
0.9522
0.4051
0.9516
0.4042
0.9440
0.5001
0.9507
0.5002
0.9505
0.4998
0.9505
0.4998
0.9440
0.4997
0.9440
0.5001
0.9507
0.5002
0.9626
0.4041
0.9624
0.4037
0.9624
0.4037
0.9505
0.4998
0.9507
0.5002
0.9626
0.4041
0.9730
0.3122
0.9728
0.3118
0.9728
0.3118
0.9624
0.4037
0.9626
0.4041
0.9730
0.3122
0.9565
0.3122
0.9564
0.3118
0.9564
0.3118
0.9728
0.3118
0.9730
0.3122
0.9565
0.3122
0.9522
0.4051
0.9520
0.4047
0.9520
0.4047
0.9564
0.3118
0.9565
0.3122
0.9522
0.4051
0.9440
0.4052
0.9440
0.4048
0.9440
0.4048
0.9520
0.4047
0.9522
0.4051
0.9040
0.7926
0.9682
0.7921
0.9496
0.704
0.9496
0.704
0.8908
0.7044
0.9040
0.7926
0.7877
0.0232
0.7877
0.1115
0.8135
0.1114
0.8135
0.1114
0.8016
0.0231
0.7877
0.0232
0.7807
0.3093
0.7807
0.5017
0.8481
0.5014
0.8481
0.5014
0.8233
0.3091
0.7807
0.3093
0.7807
0.5017
0.7807
0.6866
0.8739
0.6862
0.8739
0.6862
0.8481
0.5014
0.7807
0.5017
0.7807
0.1244
0.7807
0.3093
0.8233
0.3091
0.8233
0.3091
0.8006
0.1243
0.7807
0.1244
0.2818
0.5128
0.2742
0.5612
0.2865
0.5612
0.2865
0.5612
0.2908
0.5128
0.2818
0.5128
0.2977
0.5717
0.2587
0.5717
0.1978
0.5899
0.1978
0.5899
0.2977
0.5958
0.2977
0.5717
0.2739
0.499
0.2587
0.5717
0.2649
0.5671
0.2649
0.5671
0.2781
0.5037
0.2739
0.499
0.2587
0.5717
0.2977
0.5717
0.2950
0.5671
0.2950
0.5671
0.2649
0.5671
0.2587
0.5717
0.2977
0.5717
0.2977
0.499
0.2950
0.5037
0.2950
0.5037
0.2950
0.5671
0.2977
0.5717
0.2977
0.499
0.2739
0.499
0.2781
0.5037
0.2781
0.5037
0.2950
0.5037
0.2977
0.499
0.2781
0.5037
0.2649
0.5671
0.2742
0.5612
0.2742
0.5612
0.2818
0.5128
0.2781
0.5037
0.2649
0.5671
0.2950
0.5671
0.2865
0.5612
0.2865
0.5612
0.2742
0.5612
0.2649
0.5671
0.2950
0.5671
0.2950
0.5037
0.2908
0.5128
0.2908
0.5128
0.2865
0.5612
0.2950
0.5671
0.2950
0.5037
0.2781
0.5037
0.2818
0.5128
0.2818
0.5128
0.2908
0.5128
0.2950
0.5037
0.1333
0.9222
0.2977
0.9683
0.2977
0.9542
0.2977
0.9542
0.1605
0.9085
0.1333
0.9222
0.1978
0.5899
0.1934
0.6205
0.2977
0.5958
0.1978
0.5899
0.0363
0.8252
0.0829
0.8123
0.0829
0.8123
0.1934
0.6205
0.1978
0.5899
0.0427
0.8634
0.1333
0.9222
0.1605
0.9085
0.1605
0.9085
0.0829
0.8123
0.0427
0.8634
0.1913
0.8865
0.1605
0.9085
0.2977
0.9542
0.2977
0.9542
0.2977
0.9493
0.1913
0.8865
0.2977
0.6207
0.2977
0.5958
0.1934
0.6205
0.1934
0.6205
0.1941
0.6804
0.2977
0.6207
0.1941
0.6804
0.1934
0.6205
0.0829
0.8123
0.0829
0.8123
0.1335
0.785
0.1941
0.6804
0.1335
0.785
0.0829
0.8123
0.1605
0.9085
0.1605
0.9085
0.1913
0.8865
0.1335
0.785
0.3089
0.9392
0.1541
0.7843
0.1955
0.7843
0.1955
0.7843
0.3202
0.9091
0.3089
0.9392
0.1541
0.7843
0.3089
0.6294
0.3202
0.6595
0.3202
0.6595
0.1955
0.7843
0.1541
0.7843
0.3214
0.8991
0.2066
0.7843
0.2366
0.7843
0.2366
0.7843
0.3316
0.8793
0.3214
0.8991
0.2066
0.7843
0.3214
0.6695
0.3316
0.6894
0.3316
0.6894
0.2366
0.7843
0.2066
0.7843
0.3304
0.8681
0.2467
0.7843
0.2766
0.7843
0.2766
0.7843
0.3429
0.8506
0.3304
0.8681
0.2467
0.7843
0.3304
0.7006
0.3429
0.718
0.3429
0.718
0.2766
0.7843
0.2467
0.7843
0.3440
0.8407
0.2876
0.7843
0.3440
0.7843
0.2876
0.7843
0.3440
0.7279
0.3440
0.7843
0.2977
0.6207
0.1941
0.6804
0.1335
0.785
0.1335
0.785
0.1913
0.8865
0.2977
0.9493
0.0427
0.8634
0.0829
0.8123
0.0363
0.8252
0.2828
0.4325
0.2960
0.3904
0.1107
0.3528
0.1107
0.3528
0.0997
0.3914
0.2828
0.4325
0.6582
0.5206
0.6743
0.4837
0.4893
0.4383
0.4893
0.4383
0.4742
0.4761
0.6582
0.5206
0.7415
0.5395
0.7582
0.5032
0.6743
0.4837
0.6743
0.4837
0.6582
0.5206
0.7415
0.5395
0.0268
0.3389
0.0186
0.3672
0.0997
0.3914
0.0997
0.3914
0.1107
0.3528
0.0268
0.3389
0.7877
0.7049
0.8908
0.7044
0.8739
0.6862
0.8739
0.6862
0.7807
0.6866
0.7877
0.7049
0.8908
0.7044
0.8636
0.5094
0.8481
0.5014
0.8481
0.5014
0.8739
0.6862
0.8908
0.7044
0.8636
0.5094
0.8375
0.3064
0.8233
0.3091
0.8233
0.3091
0.8481
0.5014
0.8636
0.5094
0.8375
0.3064
0.8135
0.1114
0.8006
0.1243
0.8006
0.1243
0.8233
0.3091
0.8375
0.3064
0.9453
0.0432
0.8742
0.0601
0.8742
0.0741000000000001
0.8742
0.0741000000000001
0.9340
0.0572
0.9453
0.0432
0.0746
0.6056
0.0847
0.5975
0.0287
0.6073
0.0287
0.6073
0.0283
0.6159
0.0746
0.6056
0.1296
0.5616
0.0871
0.4416
0.0720
0.4608
0.0720
0.4608
0.1078
0.5615
0.1296
0.5616
0.0871
0.4416
0.0285
0.4416
0.0285
0.4608
0.0285
0.4608
0.0720
0.4608
0.0871
0.4416
0.0285
0.6528
0.0849
0.63
0.0748
0.6125
0.0748
0.6125
0.0285
0.6228
0.0285
0.6528
0.0849
0.63
0.1105
0.6134
0.0931
0.6011
0.0931
0.6011
0.0748
0.6125
0.0849
0.63
0.1105
0.6134
0.1296
0.5616
0.1078
0.5615
0.1078
0.5615
0.0931
0.6011
0.1105
0.6134
0.0720
0.4608
0.0285
0.4608
0.0287
0.4771
0.0287
0.4771
0.0630
0.4771
0.0720
0.4608
0.0285
0.6228
0.0748
0.6125
0.0746
0.6056
0.0746
0.6056
0.0283
0.6159
0.0285
0.6228
0.0748
0.6125
0.0931
0.6011
0.0847
0.5975
0.0847
0.5975
0.0746
0.6056
0.0748
0.6125
0.0962
0.547
0.0287
0.5471
0.0287
0.559
0.0287
0.559
0.0833
0.5589
0.0962
0.547
0.0287
0.52
0.0287
0.5314
0.0742
0.5306
0.0742
0.5306
0.0871
0.5192
0.0287
0.52
0.0772
0.4934
0.0287
0.4927
0.0287
0.502
0.0287
0.502
0.0642
0.5027
0.0772
0.4934
0.0287
0.5757
0.0287
0.5897
0.0775
0.5848
0.0775
0.5848
0.0905
0.5708
0.0287
0.5757
0.0630
0.4771
0.0287
0.4771
0.0287
0.4927
0.0287
0.4927
0.0772
0.4934
0.0630
0.4771
0.0833
0.5589
0.0287
0.559
0.0287
0.5757
0.0287
0.5757
0.0905
0.5708
0.0833
0.5589
0.0742
0.5306
0.0287
0.5314
0.0287
0.5471
0.0287
0.5471
0.0962
0.547
0.0742
0.5306
0.0642
0.5027
0.0287
0.502
0.0287
0.52
0.0287
0.52
0.0871
0.5192
0.0642
0.5027
0.0775
0.5848
0.0287
0.5897
0.0287
0.6073
0.0287
0.6073
0.0847
0.5975
0.0775
0.5848
0.0772
0.4934
0.0720
0.4608
0.0630
0.4771
0.0905
0.5708
0.0962
0.547
0.0833
0.5589
0.0962
0.547
0.0871
0.5192
0.0742
0.5306
0.0871
0.5192
0.0772
0.4934
0.0642
0.5027
0.0847
0.5975
0.0905
0.5708
0.0775
0.5848
0.0905
0.5708
0.0847
0.5975
0.0931
0.6011
0.0962
0.547
0.0905
0.5708
0.0931
0.6011
0.0931
0.6011
0.1078
0.5615
0.0962
0.547
0.0871
0.5192
0.0962
0.547
0.1078
0.5615
0.0772
0.4934
0.0871
0.5192
0.1078
0.5615
0.1078
0.5615
0.0720
0.4608
0.0772
0.4934
0.8135
0.1114
0.7877
0.1115
0.7903
0.1144
0.7903
0.1144
0.8055
0.1143
0.8135
0.1114
0.7877
0.1115
0.7807
0.1244
0.7875
0.1207
0.7875
0.1207
0.7903
0.1144
0.7877
0.1115
0.7807
0.1244
0.8006
0.1243
0.7998
0.1204
0.7998
0.1204
0.7875
0.1207
0.7807
0.1244
0.8006
0.1243
0.8135
0.1114
0.8055
0.1143
0.8055
0.1143
0.7998
0.1204
0.8006
0.1243
0.9636
0.0304
0.8583
0.0551
0.8742
0.0601
0.8742
0.0601
0.9453
0.0432
0.9636
0.0304
0.8583
0.0551
0.8583
0.0859
0.8742
0.0741000000000001
0.8742
0.0741000000000001
0.8742
0.0601
0.8583
0.0551
0.8583
0.0859
0.9469
0.0602
0.9340
0.0572
0.9340
0.0572
0.8742
0.0741000000000001
0.8583
0.0859
0.9469
0.0602
0.9636
0.0304
0.9453
0.0432
0.9453
0.0432
0.9340
0.0572
0.9469
0.0602
0.2828
0.4325
0.4742
0.4761
0.4681
0.4669
0.4681
0.4669
0.3474
0.4415
0.2828
0.4325
0.4742
0.4761
0.4893
0.4383
0.4761
0.4489
0.4761
0.4489
0.4681
0.4669
0.4742
0.4761
0.4893
0.4383
0.2960
0.3904
0.3548
0.4247
0.3548
0.4247
0.4761
0.4489
0.4893
0.4383
0.2960
0.3904
0.2828
0.4325
0.3474
0.4415
0.3474
0.4415
0.3548
0.4247
0.2960
0.3904
0.8471
0.1171
0.8739
0.1912
0.9541
0.1687
0.9541
0.1687
0.9426
0.0898
0.8471
0.1171
0.8739
0.1912
0.8791
0.2012
0.9412
0.1839
0.9412
0.1839
0.9541
0.1687
0.8739
0.1912
0.8791
0.2012
0.8892
0.2802
0.9608
0.2772
0.9608
0.2772
0.9412
0.1839
0.8791
0.2012
0.8892
0.2802
0.8900
0.2929
0.9896
0.2857
0.9896
0.2857
0.9608
0.2772
0.8892
0.2802
0.4995
0.1827
0.3936
0.1827
0.3828
0.1943
0.3828
0.1943
0.4995
0.2293
0.4995
0.1827
0.4995
0.2293
0.6160
0.1943
0.6053
0.1827
0.6053
0.1827
0.4995
0.1827
0.4995
0.2293
0.4995
0.136
0.3828
0.1711
0.3936
0.1827
0.3936
0.1827
0.4995
0.1827
0.4995
0.136
0.4995
0.1827
0.6053
0.1827
0.6160
0.1711
0.6160
0.1711
0.4995
0.136
0.4995
0.1827
0.3862
0.6315
0.3862
0.7517
0.4703
0.7241
0.4703
0.7241
0.4634
0.6315
0.3862
0.6315
0.7403
0.8165
0.6650
0.8162
0.6560
0.8997
0.6560
0.8997
0.7403
0.9274
0.7403
0.8165
0.7403
0.7963
0.7403
0.6854
0.6560
0.713
0.6560
0.713
0.6650
0.7966
0.7403
0.7963
0.3862
0.6315
0.4634
0.6315
0.4703
0.5388
0.4703
0.5388
0.3862
0.5112
0.3862
0.6315
0.4098
0.8845
0.4245
0.8902
0.4384
0.9156
0.4384
0.9156
0.4233
0.9534
0.3963
0.9534
0.4098
0.8845
0.4384
0.9156
0.3963
0.9534
0.3963
0.9534
0.3812
0.9156
0.3951
0.8902
0.4098
0.8845
0.3963
0.9534
0.3951
0.8902
0.7387
0.6365
0.7391
0.6315
0.7081
0.6315
0.7081
0.6315
0.6996
0.6505
0.7387
0.6365
0.4209
0.8137
0.3891
0.8111
0.3875
0.8158
0.3875
0.8158
0.4263
0.8276
0.4209
0.8137
0.3875
0.7969
0.3891
0.8016
0.4209
0.7991
0.4209
0.7991
0.4263
0.7851
0.3875
0.7969
0.7081
0.6315
0.7391
0.6315
0.7387
0.6264
0.7387
0.6264
0.6996
0.6124
0.7081
0.6315
0.4703
0.7241
0.6116
0.6782
0.6156
0.6315
0.6156
0.6315
0.4634
0.6315
0.4703
0.7241
0.6650
0.8162
0.5122
0.8155
0.5139
0.8543
0.5139
0.8543
0.6560
0.8997
0.6650
0.8162
0.4634
0.6315
0.6156
0.6315
0.6116
0.5847
0.6116
0.5847
0.4703
0.5388
0.4634
0.6315
0.6116
0.6782
0.6996
0.6505
0.7081
0.6315
0.7081
0.6315
0.6156
0.6315
0.6116
0.6782
0.5122
0.8155
0.4209
0.8137
0.4263
0.8276
0.4263
0.8276
0.5139
0.8543
0.5122
0.8155
0.5139
0.7585
0.4263
0.7851
0.4209
0.7991
0.4209
0.7991
0.5122
0.7973
0.5139
0.7585
0.6156
0.6315
0.7081
0.6315
0.6996
0.6124
0.6996
0.6124
0.6116
0.5847
0.6156
0.6315
0.6650
0.7966
0.6560
0.713
0.6464
0.759
0.6464
0.759
0.6373
0.7963
0.6650
0.7966
0.6560
0.713
0.5139
0.7585
0.5256
0.7763
0.5256
0.7763
0.6464
0.759
0.6560
0.713
0.5139
0.7585
0.5122
0.7973
0.5345
0.7976
0.5345
0.7976
0.5256
0.7763
0.5139
0.7585
0.6160
0.1711
0.6053
0.1827
0.6160
0.1943
0.3828
0.1943
0.3936
0.1827
0.3828
0.1711
0.3862
0.7517
0.3875
0.7616
0.4713
0.7341
0.4713
0.7341
0.4703
0.7241
0.3862
0.7517
0.3878
0.5014
0.3862
0.5112
0.4703
0.5388
0.4703
0.5388
0.4716
0.5289
0.3878
0.5014
0.6996
0.6505
0.6996
0.6607
0.7379
0.644
0.7379
0.644
0.7387
0.6365
0.6996
0.6505
0.6999
0.6021
0.6996
0.6124
0.7387
0.6264
0.7387
0.6264
0.7385
0.6187
0.6999
0.6021
0.6125
0.6871
0.6116
0.6782
0.4703
0.7241
0.4703
0.7241
0.4713
0.7341
0.6125
0.6871
0.4716
0.5289
0.4703
0.5388
0.6116
0.5847
0.6116
0.5847
0.6128
0.5757
0.4716
0.5289
0.6116
0.6782
0.6125
0.6871
0.6996
0.6607
0.6996
0.6607
0.6996
0.6505
0.6116
0.6782
0.6128
0.5757
0.6116
0.5847
0.6996
0.6124
0.6996
0.6124
0.6999
0.6021
0.6128
0.5757
0.6650
0.7966
0.6373
0.7963
0.6650
0.8162
0.5345
0.7976
0.5122
0.7973
0.5122
0.8155
0.7403
0.8165
0.7403
0.7963
0.6650
0.7966
0.6650
0.7966
0.6650
0.8162
0.7403
0.8165
0.4209
0.8137
0.4209
0.7991
0.3891
0.8016
0.3891
0.8016
0.3891
0.8111
0.4209
0.8137
0.5345
0.7976
0.5122
0.8155
0.6650
0.8162
0.6650
0.8162
0.6373
0.7963
0.5345
0.7976
0.5122
0.8155
0.5122
0.7973
0.4209
0.7991
0.4209
0.7991
0.4209
0.8137
0.5122
0.8155
0.4863
0.2514
0.5126
0.2514
0.4995
0.2293
0.4098
0.8613
0.4362
0.8714
0.4301
0.8776
0.4301
0.8776
0.4098
0.8699
0.4098
0.8613
0.4362
0.8714
0.4585
0.9122
0.4493
0.9127
0.4493
0.9127
0.4301
0.8776
0.4362
0.8714
0.4585
0.9122
0.4343
0.9727
0.4284
0.9648
0.4284
0.9648
0.4493
0.9127
0.4585
0.9122
0.4343
0.9727
0.3853
0.9727
0.3912
0.9648
0.3912
0.9648
0.4284
0.9648
0.4343
0.9727
0.3853
0.9727
0.3611
0.9122
0.3704
0.9127
0.3704
0.9127
0.3912
0.9648
0.3853
0.9727
0.3611
0.9122
0.3834
0.8714
0.3896
0.8776
0.3896
0.8776
0.3704
0.9127
0.3611
0.9122
0.3834
0.8714
0.4098
0.8613
0.4098
0.8699
0.4098
0.8699
0.3896
0.8776
0.3834
0.8714
0.4098
0.8699
0.4301
0.8776
0.4245
0.8902
0.4245
0.8902
0.4098
0.8845
0.4098
0.8699
0.4301
0.8776
0.4493
0.9127
0.4384
0.9156
0.4384
0.9156
0.4245
0.8902
0.4301
0.8776
0.4493
0.9127
0.4284
0.9648
0.4233
0.9534
0.4233
0.9534
0.4384
0.9156
0.4493
0.9127
0.4284
0.9648
0.3912
0.9648
0.3963
0.9534
0.3963
0.9534
0.4233
0.9534
0.4284
0.9648
0.3912
0.9648
0.3704
0.9127
0.3812
0.9156
0.3812
0.9156
0.3963
0.9534
0.3912
0.9648
0.3704
0.9127
0.3896
0.8776
0.3951
0.8902
0.3951
0.8902
0.3812
0.9156
0.3704
0.9127
0.3896
0.8776
0.4098
0.8699
0.4098
0.8845
0.4098
0.8845
0.3951
0.8902
0.3896
0.8776
0.6160
0.1711
0.6160
0.1943
0.6304
0.1874
0.6304
0.1874
0.6304
0.1779
0.6160
0.1711
0.3828
0.1943
0.3828
0.1711
0.3698
0.1779
0.3698
0.1779
0.3698
0.1874
0.3828
0.1943
0.6304
0.1779
0.6304
0.1874
0.6574
0.1869
0.6574
0.1869
0.6574
0.1784
0.6304
0.1779
0.3698
0.1874
0.3698
0.1779
0.3415
0.1784
0.3415
0.1784
0.3415
0.1869
0.3698
0.1874
0.3415
0.1869
0.4863
0.2514
0.4995
0.2293
0.4995
0.2293
0.3828
0.1943
0.3415
0.1869
0.5126
0.2514
0.6574
0.1869
0.6160
0.1943
0.6160
0.1943
0.4995
0.2293
0.5126
0.2514
0.6574
0.1784
0.4995
0.1085
0.4995
0.136
0.4995
0.136
0.6160
0.1711
0.6574
0.1784
0.4995
0.1085
0.3415
0.1784
0.3828
0.1711
0.3828
0.1711
0.4995
0.136
0.4995
0.1085
0.6304
0.1779
0.6574
0.1784
0.6160
0.1711
0.6304
0.1874
0.6160
0.1943
0.6574
0.1869
0.3698
0.1874
0.3415
0.1869
0.3828
0.1943
0.3698
0.1779
0.3828
0.1711
0.3415
0.1784
0.7888
0.8178
0.7888
0.8976
0.8039
0.8976
0.8039
0.8976
0.8039
0.8178
0.7888
0.8178
0.7888
0.8976
0.7816
0.9024
0.8039
0.9024
0.8039
0.9024
0.8039
0.8976
0.7888
0.8976
0.7816
0.9024
0.7816
0.9235
0.8039
0.9235
0.8039
0.9235
0.8039
0.9024
0.7816
0.9024
0.7816
0.9235
0.7777
0.9273
0.8039
0.9273
0.8039
0.9273
0.8039
0.9235
0.7816
0.9235
0.7777
0.9273
0.7777
0.9666
0.8039
0.9666
0.8039
0.9666
0.8039
0.9273
0.7777
0.9273
0.7777
0.9666
0.7864
0.9724
0.8039
0.9724
0.8039
0.9724
0.8039
0.9666
0.7777
0.9666
0.9543
0.9724
0.9543
0.9272
0.9719
0.9272
0.9719
0.9272
0.9719
0.9724
0.9543
0.9724
0.9543
0.9272
0.9543
0.9235
0.9692
0.9235
0.9692
0.9235
0.9719
0.9272
0.9543
0.9272
0.9543
0.9235
0.9543
0.9023
0.9692
0.9023
0.9692
0.9023
0.9692
0.9235
0.9543
0.9235
0.9543
0.9023
0.9543
0.8975
0.9644
0.8975
0.9644
0.8975
0.9692
0.9023
0.9543
0.9023
0.9543
0.8975
0.9543
0.8177
0.9644
0.8177
0.9644
0.8177
0.9644
0.8975
0.9543
0.8975
0.9543
0.8177
0.9543
0.8177
0.9694
0.8177
0.9694
0.8177
0.9644
0.8177
0.9543
0.8177
0.8039
0.8178
0.8039
0.8976
0.8191
0.8976
0.8191
0.8976
0.8191
0.8178
0.8039
0.8178
0.8039
0.8976
0.8039
0.9024
0.8263
0.9024
0.8263
0.9024
0.8191
0.8976
0.8039
0.8976
0.8039
0.9024
0.8039
0.9235
0.8263
0.9235
0.8263
0.9235
0.8263
0.9024
0.8039
0.9024
0.8039
0.9235
0.8039
0.9273
0.8301
0.9273
0.8301
0.9273
0.8263
0.9235
0.8039
0.9235
0.8039
0.9273
0.8039
0.9666
0.8301
0.9666
0.8301
0.9666
0.8301
0.9273
0.8039
0.9273
0.8039
0.9666
0.8039
0.9724
0.8215
0.9724
0.8215
0.9724
0.8301
0.9666
0.8039
0.9666
0.9719
0.9724
0.9719
0.9272
0.9543
0.9272
0.9543
0.9272
0.9543
0.9724
0.9719
0.9724
0.9719
0.9272
0.9692
0.9235
0.9543
0.9235
0.9543
0.9235
0.9543
0.9272
0.9719
0.9272
0.9692
0.9235
0.9692
0.9023
0.9543
0.9023
0.9543
0.9023
0.9543
0.9235
0.9692
0.9235
0.9692
0.9023
0.9644
0.8975
0.9543
0.8975
0.9543
0.8975
0.9543
0.9023
0.9692
0.9023
0.9644
0.8975
0.9644
0.8177
0.9543
0.8177
0.9543
0.8177
0.9543
0.8975
0.9644
0.8975
0.9644
0.8177
0.9694
0.8177
0.9543
0.8177
0.9543
0.8177
0.9543
0.8177
0.9644
0.8177
0.8976
0.8178
0.8976
0.8976
0.8838
0.8976
0.8838
0.8976
0.8838
0.8178
0.8976
0.8178
0.8976
0.8976
0.9047
0.9024
0.8844
0.9024
0.8844
0.9024
0.8838
0.8976
0.8976
0.8976
0.9047
0.9024
0.9047
0.9235
0.8844
0.9235
0.8844
0.9235
0.8844
0.9024
0.9047
0.9024
0.9047
0.9235
0.9086
0.9272
0.8848
0.9272
0.8848
0.9272
0.8844
0.9235
0.9047
0.9235
0.9086
0.9272
0.9086
0.9666
0.8848
0.9666
0.8848
0.9666
0.8848
0.9272
0.9086
0.9272
0.9086
0.9666
0.9000
0.9724
0.8840
0.9724
0.8840
0.9724
0.8848
0.9666
0.9086
0.9666
0.9543
0.9724
0.9543
0.9272
0.9367
0.9272
0.9367
0.9272
0.9367
0.9724
0.9543
0.9724
0.9543
0.9272
0.9543
0.9235
0.9393
0.9235
0.9393
0.9235
0.9367
0.9272
0.9543
0.9272
0.9543
0.9235
0.9543
0.9023
0.9393
0.9023
0.9393
0.9023
0.9393
0.9235
0.9543
0.9235
0.9543
0.9023
0.9543
0.8975
0.9441
0.8975
0.9441
0.8975
0.9393
0.9023
0.9543
0.9023
0.9543
0.8975
0.9543
0.8177
0.9441
0.8177
0.9441
0.8177
0.9441
0.8975
0.9543
0.8975
0.9543
0.8177
0.9543
0.8177
0.9391
0.8177
0.9391
0.8177
0.9441
0.8177
0.9543
0.8177
0.8838
0.8178
0.8838
0.8976
0.8674
0.8976
0.8674
0.8976
0.8674
0.8178
0.8838
0.8178
0.8838
0.8976
0.8844
0.9024
0.8602
0.9024
0.8602
0.9024
0.8674
0.8976
0.8838
0.8976
0.8844
0.9024
0.8844
0.9235
0.8602
0.9235
0.8602
0.9235
0.8602
0.9024
0.8844
0.9024
0.8844
0.9235
0.8848
0.9272
0.8564
0.9272
0.8564
0.9272
0.8602
0.9235
0.8844
0.9235
0.8848
0.9272
0.8848
0.9666
0.8564
0.9666
0.8564
0.9666
0.8564
0.9272
0.8848
0.9272
0.8848
0.9666
0.8840
0.9724
0.8650
0.9724
0.8650
0.9724
0.8564
0.9666
0.8848
0.9666
0.9367
0.9724
0.9367
0.9272
0.9543
0.9272
0.9543
0.9272
0.9543
0.9724
0.9367
0.9724
0.9367
0.9272
0.9393
0.9235
0.9543
0.9235
0.9543
0.9235
0.9543
0.9272
0.9367
0.9272
0.9393
0.9235
0.9393
0.9023
0.9543
0.9023
0.9543
0.9023
0.9543
0.9235
0.9393
0.9235
0.9393
0.9023
0.9441
0.8975
0.9543
0.8975
0.9543
0.8975
0.9543
0.9023
0.9393
0.9023
0.9441
0.8975
0.9441
0.8177
0.9543
0.8177
0.9543
0.8177
0.9543
0.8975
0.9441
0.8975
0.9441
0.8177
0.9391
0.8177
0.9543
0.8177
0.9543
0.8177
0.9543
0.8177
0.9441
0.8177
0.7888
0.8178
0.7888
0.8976
0.8039
0.8976
0.8039
0.8976
0.8039
0.8178
0.7888
0.8178
0.7888
0.8976
0.7816
0.9024
0.8039
0.9024
0.8039
0.9024
0.8039
0.8976
0.7888
0.8976
0.7816
0.9024
0.7816
0.9235
0.8039
0.9235
0.8039
0.9235
0.8039
0.9024
0.7816
0.9024
0.7816
0.9235
0.7777
0.9273
0.8039
0.9273
0.8039
0.9273
0.8039
0.9235
0.7816
0.9235
0.7777
0.9273
0.7777
0.9666
0.8039
0.9666
0.8039
0.9666
0.8039
0.9273
0.7777
0.9273
0.7777
0.9666
0.7864
0.9724
0.8039
0.9724
0.8039
0.9724
0.8039
0.9666
0.7777
0.9666
0.9543
0.9724
0.9543
0.9272
0.9719
0.9272
0.9719
0.9272
0.9719
0.9724
0.9543
0.9724
0.9543
0.9272
0.9543
0.9235
0.9692
0.9235
0.9692
0.9235
0.9719
0.9272
0.9543
0.9272
0.9543
0.9235
0.9543
0.9023
0.9692
0.9023
0.9692
0.9023
0.9692
0.9235
0.9543
0.9235
0.9543
0.9023
0.9543
0.8975
0.9644
0.8975
0.9644
0.8975
0.9692
0.9023
0.9543
0.9023
0.9543
0.8975
0.9543
0.8177
0.9644
0.8177
0.9644
0.8177
0.9644
0.8975
0.9543
0.8975
0.9543
0.8177
0.9543
0.8177
0.9694
0.8177
0.9694
0.8177
0.9644
0.8177
0.9543
0.8177
0.8039
0.8178
0.8039
0.8976
0.8191
0.8976
0.8191
0.8976
0.8191
0.8178
0.8039
0.8178
0.8039
0.8976
0.8039
0.9024
0.8263
0.9024
0.8263
0.9024
0.8191
0.8976
0.8039
0.8976
0.8039
0.9024
0.8039
0.9235
0.8263
0.9235
0.8263
0.9235
0.8263
0.9024
0.8039
0.9024
0.8039
0.9235
0.8039
0.9273
0.8301
0.9273
0.8301
0.9273
0.8263
0.9235
0.8039
0.9235
0.8039
0.9273
0.8039
0.9666
0.8301
0.9666
0.8301
0.9666
0.8301
0.9273
0.8039
0.9273
0.8039
0.9666
0.8039
0.9724
0.8215
0.9724
0.8215
0.9724
0.8301
0.9666
0.8039
0.9666
0.9719
0.9724
0.9719
0.9272
0.9543
0.9272
0.9543
0.9272
0.9543
0.9724
0.9719
0.9724
0.9719
0.9272
0.9692
0.9235
0.9543
0.9235
0.9543
0.9235
0.9543
0.9272
0.9719
0.9272
0.9692
0.9235
0.9692
0.9023
0.9543
0.9023
0.9543
0.9023
0.9543
0.9235
0.9692
0.9235
0.9692
0.9023
0.9644
0.8975
0.9543
0.8975
0.9543
0.8975
0.9543
0.9023
0.9692
0.9023
0.9644
0.8975
0.9644
0.8177
0.9543
0.8177
0.9543
0.8177
0.9543
0.8975
0.9644
0.8975
0.9644
0.8177
0.9694
0.8177
0.9543
0.8177
0.9543
0.8177
0.9543
0.8177
0.9644
0.8177
0.8976
0.8178
0.8976
0.8976
0.8838
0.8976
0.8838
0.8976
0.8838
0.8178
0.8976
0.8178
0.8976
0.8976
0.9047
0.9024
0.8844
0.9024
0.8844
0.9024
0.8838
0.8976
0.8976
0.8976
0.9047
0.9024
0.9047
0.9235
0.8844
0.9235
0.8844
0.9235
0.8844
0.9024
0.9047
0.9024
0.9047
0.9235
0.9086
0.9272
0.8848
0.9272
0.8848
0.9272
0.8844
0.9235
0.9047
0.9235
0.9086
0.9272
0.9086
0.9666
0.8848
0.9666
0.8848
0.9666
0.8848
0.9272
0.9086
0.9272
0.9086
0.9666
0.9000
0.9724
0.8840
0.9724
0.8840
0.9724
0.8848
0.9666
0.9086
0.9666
0.9543
0.9724
0.9543
0.9272
0.9367
0.9272
0.9367
0.9272
0.9367
0.9724
0.9543
0.9724
0.9543
0.9272
0.9543
0.9235
0.9393
0.9235
0.9393
0.9235
0.9367
0.9272
0.9543
0.9272
0.9543
0.9235
0.9543
0.9023
0.9393
0.9023
0.9393
0.9023
0.9393
0.9235
0.9543
0.9235
0.9543
0.9023
0.9543
0.8975
0.9441
0.8975
0.9441
0.8975
0.9393
0.9023
0.9543
0.9023
0.9543
0.8975
0.9543
0.8177
0.9441
0.8177
0.9441
0.8177
0.9441
0.8975
0.9543
0.8975
0.9543
0.8177
0.9543
0.8177
0.9391
0.8177
0.9391
0.8177
0.9441
0.8177
0.9543
0.8177
0.8838
0.8178
0.8838
0.8976
0.8674
0.8976
0.8674
0.8976
0.8674
0.8178
0.8838
0.8178
0.8838
0.8976
0.8844
0.9024
0.8602
0.9024
0.8602
0.9024
0.8674
0.8976
0.8838
0.8976
0.8844
0.9024
0.8844
0.9235
0.8602
0.9235
0.8602
0.9235
0.8602
0.9024
0.8844
0.9024
0.8844
0.9235
0.8848
0.9272
0.8564
0.9272
0.8564
0.9272
0.8602
0.9235
0.8844
0.9235
0.8848
0.9272
0.8848
0.9666
0.8564
0.9666
0.8564
0.9666
0.8564
0.9272
0.8848
0.9272
0.8848
0.9666
0.8840
0.9724
0.8650
0.9724
0.8650
0.9724
0.8564
0.9666
0.8848
0.9666
0.9367
0.9724
0.9367
0.9272
0.9543
0.9272
0.9543
0.9272
0.9543
0.9724
0.9367
0.9724
0.9367
0.9272
0.9393
0.9235
0.9543
0.9235
0.9543
0.9235
0.9543
0.9272
0.9367
0.9272
0.9393
0.9235
0.9393
0.9023
0.9543
0.9023
0.9543
0.9023
0.9543
0.9235
0.9393
0.9235
0.9393
0.9023
0.9441
0.8975
0.9543
0.8975
0.9543
0.8975
0.9543
0.9023
0.9393
0.9023
0.9441
0.8975
0.9441
0.8177
0.9543
0.8177
0.9543
0.8177
0.9543
0.8975
0.9441
0.8975
0.9441
0.8177
0.9391
0.8177
0.9543
0.8177
0.9543
0.8177
0.9543
0.8177
0.9441
0.8177
0.2301
0.0243
0.0141
0.0665
0.0180
0.0863
0.0180
0.0863
0.2349
0.0488
0.2301
0.0243
0.4314
0.0241
0.2349
0.0488
0.2405
0.0804
0.2405
0.0804
0.4355
0.0749
0.4314
0.0241
0.2349
0.0488
0.0180
0.0863
0.2405
0.0804
0.4422
0.1032
0.2357
0.0936
0.2365
0.1658
0.2357
0.0936
0.0188
0.1169
0.2365
0.1658
0.2025
0.4351
0.1362
0.5014
0.1476
0.5014
0.1476
0.5014
0.2086
0.4405
0.2025
0.4351
0.1362
0.5014
0.2025
0.5677
0.2086
0.5624
0.2086
0.5624
0.1476
0.5014
0.1362
0.5014
0.2025
0.451
0.1520
0.5014
0.1641
0.5014
0.1641
0.5014
0.2086
0.4569
0.2025
0.451
0.1520
0.5014
0.2025
0.5519
0.2086
0.5459
0.2086
0.5459
0.1641
0.5014
0.1520
0.5014
0.2025
0.4662
0.1673
0.5014
0.1786
0.5014
0.1786
0.5014
0.2086
0.4715
0.2025
0.4662
0.1673
0.5014
0.2025
0.5367
0.2086
0.5314
0.2086
0.5314
0.1786
0.5014
0.1673
0.5014
0.9040
0.7926
0.7877
0.7931
0.7877
0.7049
0.7877
0.7049
0.8908
0.7044
0.9040
0.7926
0.6774
0.0155
0.7648
0.0155
0.7648
0.0375
0.7648
0.0375
0.6798
0.0364
0.6774
0.0155
0.8079
0.0237000000000001
0.8218
0.1118
0.8135
0.1114
0.8135
0.1114
0.8016
0.0231
0.8079
0.0237000000000001
0.0268
0.2978
0.1107
0.2759
0.1107
0.3528
0.1107
0.3528
0.0268
0.3389
0.0268
0.2978
0.0238
0.2825
0.1050
0.2598
0.1107
0.2759
0.1107
0.2759
0.0268
0.2978
0.0238
0.2825
0.8624
0.3065
0.9068
0.5092
0.8636
0.5094
0.8636
0.5094
0.8375
0.3064
0.8624
0.3065
0.9068
0.5092
0.9496
0.704
0.8908
0.7044
0.8908
0.7044
0.8636
0.5094
0.9068
0.5092
0.6774
0.0155
0.6798
0.0364
0.4857
0.0697
0.4857
0.0697
0.4866
0.0505
0.6774
0.0155
0.8218
0.1118
0.8624
0.3065
0.8375
0.3064
0.8375
0.3064
0.8135
0.1114
0.8218
0.1118
0.2960
0.2344
0.2960
0.3904
0.1107
0.3528
0.1107
0.3528
0.1107
0.2759
0.2960
0.2344
0.2932
0.215
0.2960
0.2344
0.1107
0.2759
0.1107
0.2759
0.1050
0.2598
0.2932
0.215
0.6743
0.2121
0.6748
0.1741
0.7561
0.1769
0.7561
0.1769
0.7582
0.2182
0.6743
0.2121
0.6707
0.0881999999999999
0.4857
0.0697
0.6798
0.0364
0.6707
0.0881999999999999
0.6798
0.0364
0.7648
0.0375
0.7648
0.0375
0.7536
0.1008
0.6707
0.0881999999999999
0.4920
0.2729
0.4893
0.4383
0.2960
0.3904
0.2960
0.3904
0.2960
0.2344
0.4920
0.2729
0.6743
0.2121
0.6743
0.4837
0.4893
0.4383
0.4893
0.4383
0.4920
0.2729
0.6743
0.2121
0.7582
0.2182
0.7582
0.5032
0.6743
0.4837
0.6743
0.4837
0.6743
0.2121
0.7582
0.2182
0.9738
0.3111
0.9733
0.3197
0.9638
0.404
0.9638
0.404
0.9633
0.4042
0.9738
0.3111
0.9633
0.4042
0.9638
0.404
0.9529
0.4922
0.9529
0.4922
0.9513
0.5011
0.9633
0.4042
0.9513
0.5011
0.9529
0.4922
0.9736
0.4029
0.9736
0.4029
0.9741
0.4027
0.9513
0.5011
0.9741
0.4027
0.9736
0.4029
0.9733
0.3197
0.9733
0.3197
0.9738
0.3111
0.9741
0.4027
0.9733
0.3197
0.9725
0.3193
0.9630
0.4036
0.9630
0.4036
0.9638
0.404
0.9733
0.3197
0.9638
0.404
0.9630
0.4036
0.9520
0.4919
0.9520
0.4919
0.9529
0.4922
0.9638
0.404
0.9529
0.4922
0.9520
0.4919
0.9727
0.4025
0.9727
0.4025
0.9736
0.4029
0.9529
0.4922
0.9736
0.4029
0.9727
0.4025
0.9725
0.3193
0.9725
0.3193
0.9733
0.3197
0.9736
0.4029
0.9440
0.5011
0.9440
0.5001
0.9507
0.5002
0.9507
0.5002
0.9513
0.5011
0.9440
0.5011
0.9513
0.5011
0.9507
0.5002
0.9626
0.4041
0.9626
0.4041
0.9633
0.4042
0.9513
0.5011
0.9633
0.4042
0.9626
0.4041
0.9730
0.3122
0.9730
0.3122
0.9738
0.3111
0.9633
0.4042
0.9738
0.3111
0.9730
0.3122
0.9565
0.3122
0.9565
0.3122
0.9559
0.3111
0.9738
0.3111
0.9559
0.3111
0.9565
0.3122
0.9522
0.4051
0.9522
0.4051
0.9516
0.4042
0.9559
0.3111
0.9516
0.4042
0.9522
0.4051
0.9440
0.4052
0.9440
0.4052
0.9440
0.4042
0.9516
0.4042
0.9440
0.5001
0.9440
0.4997
0.9505
0.4998
0.9505
0.4998
0.9507
0.5002
0.9440
0.5001
0.9507
0.5002
0.9505
0.4998
0.9624
0.4037
0.9624
0.4037
0.9626
0.4041
0.9507
0.5002
0.9626
0.4041
0.9624
0.4037
0.9728
0.3118
0.9728
0.3118
0.9730
0.3122
0.9626
0.4041
0.9730
0.3122
0.9728
0.3118
0.9564
0.3118
0.9564
0.3118
0.9565
0.3122
0.9730
0.3122
0.9565
0.3122
0.9564
0.3118
0.9520
0.4047
0.9520
0.4047
0.9522
0.4051
0.9565
0.3122
0.9522
0.4051
0.9520
0.4047
0.9440
0.4048
0.9440
0.4048
0.9440
0.4052
0.9522
0.4051
0.9040
0.7926
0.8908
0.7044
0.9496
0.704
0.9496
0.704
0.9682
0.7921
0.9040
0.7926
0.7877
0.0232
0.8016
0.0231
0.8135
0.1114
0.8135
0.1114
0.7877
0.1115
0.7877
0.0232
0.7807
0.3093
0.8233
0.3091
0.8481
0.5014
0.8481
0.5014
0.7807
0.5017
0.7807
0.3093
0.7807
0.5017
0.8481
0.5014
0.8739
0.6862
0.8739
0.6862
0.7807
0.6866
0.7807
0.5017
0.7807
0.1244
0.8006
0.1243
0.8233
0.3091
0.8233
0.3091
0.7807
0.3093
0.7807
0.1244
0.2818
0.5128
0.2908
0.5128
0.2865
0.5612
0.2865
0.5612
0.2742
0.5612
0.2818
0.5128
0.2977
0.5717
0.2977
0.5958
0.1978
0.5899
0.1978
0.5899
0.2587
0.5717
0.2977
0.5717
0.2739
0.499
0.2781
0.5037
0.2649
0.5671
0.2649
0.5671
0.2587
0.5717
0.2739
0.499
0.2587
0.5717
0.2649
0.5671
0.2950
0.5671
0.2950
0.5671
0.2977
0.5717
0.2587
0.5717
0.2977
0.5717
0.2950
0.5671
0.2950
0.5037
0.2950
0.5037
0.2977
0.499
0.2977
0.5717
0.2977
0.499
0.2950
0.5037
0.2781
0.5037
0.2781
0.5037
0.2739
0.499
0.2977
0.499
0.2781
0.5037
0.2818
0.5128
0.2742
0.5612
0.2742
0.5612
0.2649
0.5671
0.2781
0.5037
0.2649
0.5671
0.2742
0.5612
0.2865
0.5612
0.2865
0.5612
0.2950
0.5671
0.2649
0.5671
0.2950
0.5671
0.2865
0.5612
0.2908
0.5128
0.2908
0.5128
0.2950
0.5037
0.2950
0.5671
0.2950
0.5037
0.2908
0.5128
0.2818
0.5128
0.2818
0.5128
0.2781
0.5037
0.2950
0.5037
0.1333
0.9222
0.1605
0.9085
0.2977
0.9542
0.2977
0.9542
0.2977
0.9683
0.1333
0.9222
0.1978
0.5899
0.2977
0.5958
0.1934
0.6205
0.1978
0.5899
0.1934
0.6205
0.0829
0.8123
0.0829
0.8123
0.0363
0.8252
0.1978
0.5899
0.0427
0.8634
0.0829
0.8123
0.1605
0.9085
0.1605
0.9085
0.1333
0.9222
0.0427
0.8634
0.1913
0.8865
0.2977
0.9493
0.2977
0.9542
0.2977
0.9542
0.1605
0.9085
0.1913
0.8865
0.2977
0.6207
0.1941
0.6804
0.1934
0.6205
0.1934
0.6205
0.2977
0.5958
0.2977
0.6207
0.1941
0.6804
0.1335
0.785
0.0829
0.8123
0.0829
0.8123
0.1934
0.6205
0.1941
0.6804
0.1335
0.785
0.1913
0.8865
0.1605
0.9085
0.1605
0.9085
0.0829
0.8123
0.1335
0.785
0.3089
0.9392
0.3202
0.9091
0.1955
0.7843
0.1955
0.7843
0.1541
0.7843
0.3089
0.9392
0.1541
0.7843
0.1955
0.7843
0.3202
0.6595
0.3202
0.6595
0.3089
0.6294
0.1541
0.7843
0.3214
0.8991
0.3316
0.8793
0.2366
0.7843
0.2366
0.7843
0.2066
0.7843
0.3214
0.8991
0.2066
0.7843
0.2366
0.7843
0.3316
0.6894
0.3316
0.6894
0.3214
0.6695
0.2066
0.7843
0.3304
0.8681
0.3429
0.8506
0.2766
0.7843
0.2766
0.7843
0.2467
0.7843
0.3304
0.8681
0.2467
0.7843
0.2766
0.7843
0.3429
0.718
0.3429
0.718
0.3304
0.7006
0.2467
0.7843
0.3440
0.8407
0.3440
0.7843
0.2876
0.7843
0.2876
0.7843
0.3440
0.7843
0.3440
0.7279
0.2977
0.6207
0.1335
0.785
0.1941
0.6804
0.1335
0.785
0.2977
0.9493
0.1913
0.8865
0.0427
0.8634
0.0363
0.8252
0.0829
0.8123
0.2828
0.4325
0.0997
0.3914
0.1107
0.3528
0.1107
0.3528
0.2960
0.3904
0.2828
0.4325
0.6582
0.5206
0.4742
0.4761
0.4893
0.4383
0.4893
0.4383
0.6743
0.4837
0.6582
0.5206
0.7415
0.5395
0.6582
0.5206
0.6743
0.4837
0.6743
0.4837
0.7582
0.5032
0.7415
0.5395
0.0268
0.3389
0.1107
0.3528
0.0997
0.3914
0.0997
0.3914
0.0186
0.3672
0.0268
0.3389
0.7877
0.7049
0.7807
0.6866
0.8739
0.6862
0.8739
0.6862
0.8908
0.7044
0.7877
0.7049
0.8908
0.7044
0.8739
0.6862
0.8481
0.5014
0.8481
0.5014
0.8636
0.5094
0.8908
0.7044
0.8636
0.5094
0.8481
0.5014
0.8233
0.3091
0.8233
0.3091
0.8375
0.3064
0.8636
0.5094
0.8375
0.3064
0.8233
0.3091
0.8006
0.1243
0.8006
0.1243
0.8135
0.1114
0.8375
0.3064
0.9453
0.0432
0.9340
0.0572
0.8742
0.0741000000000001
0.8742
0.0741000000000001
0.8742
0.0601
0.9453
0.0432
0.0746
0.6056
0.0283
0.6159
0.0287
0.6073
0.0287
0.6073
0.0847
0.5975
0.0746
0.6056
0.1296
0.5616
0.1078
0.5615
0.0720
0.4608
0.0720
0.4608
0.0871
0.4416
0.1296
0.5616
0.0871
0.4416
0.0720
0.4608
0.0285
0.4608
0.0285
0.4608
0.0285
0.4416
0.0871
0.4416
0.0285
0.6528
0.0285
0.6228
0.0748
0.6125
0.0748
0.6125
0.0849
0.63
0.0285
0.6528
0.0849
0.63
0.0748
0.6125
0.0931
0.6011
0.0931
0.6011
0.1105
0.6134
0.0849
0.63
0.1105
0.6134
0.0931
0.6011
0.1078
0.5615
0.1078
0.5615
0.1296
0.5616
0.1105
0.6134
0.0720
0.4608
0.0630
0.4771
0.0287
0.4771
0.0287
0.4771
0.0285
0.4608
0.0720
0.4608
0.0285
0.6228
0.0283
0.6159
0.0746
0.6056
0.0746
0.6056
0.0748
0.6125
0.0285
0.6228
0.0748
0.6125
0.0746
0.6056
0.0847
0.5975
0.0847
0.5975
0.0931
0.6011
0.0748
0.6125
0.0962
0.547
0.0833
0.5589
0.0287
0.559
0.0287
0.559
0.0287
0.5471
0.0962
0.547
0.0287
0.52
0.0871
0.5192
0.0742
0.5306
0.0742
0.5306
0.0287
0.5314
0.0287
0.52
0.0772
0.4934
0.0642
0.5027
0.0287
0.502
0.0287
0.502
0.0287
0.4927
0.0772
0.4934
0.0287
0.5757
0.0905
0.5708
0.0775
0.5848
0.0775
0.5848
0.0287
0.5897
0.0287
0.5757
0.0630
0.4771
0.0772
0.4934
0.0287
0.4927
0.0287
0.4927
0.0287
0.4771
0.0630
0.4771
0.0833
0.5589
0.0905
0.5708
0.0287
0.5757
0.0287
0.5757
0.0287
0.559
0.0833
0.5589
0.0742
0.5306
0.0962
0.547
0.0287
0.5471
0.0287
0.5471
0.0287
0.5314
0.0742
0.5306
0.0642
0.5027
0.0871
0.5192
0.0287
0.52
0.0287
0.52
0.0287
0.502
0.0642
0.5027
0.0775
0.5848
0.0847
0.5975
0.0287
0.6073
0.0287
0.6073
0.0287
0.5897
0.0775
0.5848
0.0772
0.4934
0.0630
0.4771
0.0720
0.4608
0.0905
0.5708
0.0833
0.5589
0.0962
0.547
0.0962
0.547
0.0742
0.5306
0.0871
0.5192
0.0871
0.5192
0.0642
0.5027
0.0772
0.4934
0.0847
0.5975
0.0775
0.5848
0.0905
0.5708
0.0905
0.5708
0.0931
0.6011
0.0847
0.5975
0.0962
0.547
0.1078
0.5615
0.0931
0.6011
0.0931
0.6011
0.0905
0.5708
0.0962
0.547
0.0871
0.5192
0.1078
0.5615
0.0962
0.547
0.0772
0.4934
0.0720
0.4608
0.1078
0.5615
0.1078
0.5615
0.0871
0.5192
0.0772
0.4934
0.8135
0.1114
0.8055
0.1143
0.7903
0.1144
0.7903
0.1144
0.7877
0.1115
0.8135
0.1114
0.7877
0.1115
0.7903
0.1144
0.7875
0.1207
0.7875
0.1207
0.7807
0.1244
0.7877
0.1115
0.7807
0.1244
0.7875
0.1207
0.7998
0.1204
0.7998
0.1204
0.8006
0.1243
0.7807
0.1244
0.8006
0.1243
0.7998
0.1204
0.8055
0.1143
0.8055
0.1143
0.8135
0.1114
0.8006
0.1243
0.9636
0.0304
0.9453
0.0432
0.8742
0.0601
0.8742
0.0601
0.8583
0.0551
0.9636
0.0304
0.8583
0.0551
0.8742
0.0601
0.8742
0.0741000000000001
0.8742
0.0741000000000001
0.8583
0.0859
0.8583
0.0551
0.8583
0.0859
0.8742
0.0741000000000001
0.9340
0.0572
0.9340
0.0572
0.9469
0.0602
0.8583
0.0859
0.9469
0.0602
0.9340
0.0572
0.9453
0.0432
0.9453
0.0432
0.9636
0.0304
0.9469
0.0602
0.2828
0.4325
0.3474
0.4415
0.4681
0.4669
0.4681
0.4669
0.4742
0.4761
0.2828
0.4325
0.4742
0.4761
0.4681
0.4669
0.4761
0.4489
0.4761
0.4489
0.4893
0.4383
0.4742
0.4761
0.4893
0.4383
0.4761
0.4489
0.3548
0.4247
0.3548
0.4247
0.2960
0.3904
0.4893
0.4383
0.2960
0.3904
0.3548
0.4247
0.3474
0.4415
0.3474
0.4415
0.2828
0.4325
0.2960
0.3904
0.8471
0.1171
0.9426
0.0898
0.9541
0.1687
0.9541
0.1687
0.8739
0.1912
0.8471
0.1171
0.8739
0.1912
0.9541
0.1687
0.9412
0.1839
0.9412
0.1839
0.8791
0.2012
0.8739
0.1912
0.8791
0.2012
0.9412
0.1839
0.9608
0.2772
0.9608
0.2772
0.8892
0.2802
0.8791
0.2012
0.8892
0.2802
0.9608
0.2772
0.9896
0.2857
0.9896
0.2857
0.8900
0.2929
0.8892
0.2802
0.4995
0.1827
0.4995
0.2293
0.3828
0.1943
0.3828
0.1943
0.3936
0.1827
0.4995
0.1827
0.4995
0.2293
0.4995
0.1827
0.6053
0.1827
0.6053
0.1827
0.6160
0.1943
0.4995
0.2293
0.4995
0.136
0.4995
0.1827
0.3936
0.1827
0.3936
0.1827
0.3828
0.1711
0.4995
0.136
0.4995
0.1827
0.4995
0.136
0.6160
0.1711
0.6160
0.1711
0.6053
0.1827
0.4995
0.1827
0.3862
0.6315
0.4634
0.6315
0.4703
0.7241
0.4703
0.7241
0.3862
0.7517
0.3862
0.6315
0.7403
0.8165
0.7403
0.9274
0.6560
0.8997
0.6560
0.8997
0.6650
0.8162
0.7403
0.8165
0.7403
0.7963
0.6650
0.7966
0.6560
0.713
0.6560
0.713
0.7403
0.6854
0.7403
0.7963
0.3862
0.6315
0.3862
0.5112
0.4703
0.5388
0.4703
0.5388
0.4634
0.6315
0.3862
0.6315
0.3951
0.8902
0.3812
0.9156
0.3963
0.9534
0.4098
0.8845
0.3951
0.8902
0.3963
0.9534
0.3963
0.9534
0.4233
0.9534
0.4384
0.9156
0.4098
0.8845
0.3963
0.9534
0.4384
0.9156
0.4098
0.8845
0.4384
0.9156
0.4245
0.8902
0.7387
0.6365
0.6996
0.6505
0.7081
0.6315
0.7081
0.6315
0.7391
0.6315
0.7387
0.6365
0.4209
0.8137
0.4263
0.8276
0.3875
0.8158
0.3875
0.8158
0.3891
0.8111
0.4209
0.8137
0.3875
0.7969
0.4263
0.7851
0.4209
0.7991
0.4209
0.7991
0.3891
0.8016
0.3875
0.7969
0.7081
0.6315
0.6996
0.6124
0.7387
0.6264
0.7387
0.6264
0.7391
0.6315
0.7081
0.6315
0.4703
0.7241
0.4634
0.6315
0.6156
0.6315
0.6156
0.6315
0.6116
0.6782
0.4703
0.7241
0.6650
0.8162
0.6560
0.8997
0.5139
0.8543
0.5139
0.8543
0.5122
0.8155
0.6650
0.8162
0.4634
0.6315
0.4703
0.5388
0.6116
0.5847
0.6116
0.5847
0.6156
0.6315
0.4634
0.6315
0.6116
0.6782
0.6156
0.6315
0.7081
0.6315
0.7081
0.6315
0.6996
0.6505
0.6116
0.6782
0.5122
0.8155
0.5139
0.8543
0.4263
0.8276
0.4263
0.8276
0.4209
0.8137
0.5122
0.8155
0.5139
0.7585
0.5122
0.7973
0.4209
0.7991
0.4209
0.7991
0.4263
0.7851
0.5139
0.7585
0.6156
0.6315
0.6116
0.5847
0.6996
0.6124
0.6996
0.6124
0.7081
0.6315
0.6156
0.6315
0.6650
0.7966
0.6373
0.7963
0.6464
0.759
0.6464
0.759
0.6560
0.713
0.6650
0.7966
0.6560
0.713
0.6464
0.759
0.5256
0.7763
0.5256
0.7763
0.5139
0.7585
0.6560
0.713
0.5139
0.7585
0.5256
0.7763
0.5345
0.7976
0.5345
0.7976
0.5122
0.7973
0.5139
0.7585
0.6160
0.1711
0.6160
0.1943
0.6053
0.1827
0.3828
0.1943
0.3828
0.1711
0.3936
0.1827
0.3862
0.7517
0.4703
0.7241
0.4713
0.7341
0.4713
0.7341
0.3875
0.7616
0.3862
0.7517
0.3878
0.5014
0.4716
0.5289
0.4703
0.5388
0.4703
0.5388
0.3862
0.5112
0.3878
0.5014
0.6996
0.6505
0.7387
0.6365
0.7379
0.644
0.7379
0.644
0.6996
0.6607
0.6996
0.6505
0.6999
0.6021
0.7385
0.6187
0.7387
0.6264
0.7387
0.6264
0.6996
0.6124
0.6999
0.6021
0.6125
0.6871
0.4713
0.7341
0.4703
0.7241
0.4703
0.7241
0.6116
0.6782
0.6125
0.6871
0.4716
0.5289
0.6128
0.5757
0.6116
0.5847
0.6116
0.5847
0.4703
0.5388
0.4716
0.5289
0.6116
0.6782
0.6996
0.6505
0.6996
0.6607
0.6996
0.6607
0.6125
0.6871
0.6116
0.6782
0.6128
0.5757
0.6999
0.6021
0.6996
0.6124
0.6996
0.6124
0.6116
0.5847
0.6128
0.5757
0.6650
0.7966
0.6650
0.8162
0.6373
0.7963
0.5345
0.7976
0.5122
0.8155
0.5122
0.7973
0.7403
0.8165
0.6650
0.8162
0.6650
0.7966
0.6650
0.7966
0.7403
0.7963
0.7403
0.8165
0.4209
0.8137
0.3891
0.8111
0.3891
0.8016
0.3891
0.8016
0.4209
0.7991
0.4209
0.8137
0.5345
0.7976
0.6373
0.7963
0.6650
0.8162
0.6650
0.8162
0.5122
0.8155
0.5345
0.7976
0.5122
0.8155
0.4209
0.8137
0.4209
0.7991
0.4209
0.7991
0.5122
0.7973
0.5122
0.8155
0.4863
0.2514
0.4995
0.2293
0.5126
0.2514
0.4098
0.8613
0.4098
0.8699
0.4301
0.8776
0.4301
0.8776
0.4362
0.8714
0.4098
0.8613
0.4362
0.8714
0.4301
0.8776
0.4493
0.9127
0.4493
0.9127
0.4585
0.9122
0.4362
0.8714
0.4585
0.9122
0.4493
0.9127
0.4284
0.9648
0.4284
0.9648
0.4343
0.9727
0.4585
0.9122
0.4343
0.9727
0.4284
0.9648
0.3912
0.9648
0.3912
0.9648
0.3853
0.9727
0.4343
0.9727
0.3853
0.9727
0.3912
0.9648
0.3704
0.9127
0.3704
0.9127
0.3611
0.9122
0.3853
0.9727
0.3611
0.9122
0.3704
0.9127
0.3896
0.8776
0.3896
0.8776
0.3834
0.8714
0.3611
0.9122
0.3834
0.8714
0.3896
0.8776
0.4098
0.8699
0.4098
0.8699
0.4098
0.8613
0.3834
0.8714
0.4098
0.8699
0.4098
0.8845
0.4245
0.8902
0.4245
0.8902
0.4301
0.8776
0.4098
0.8699
0.4301
0.8776
0.4245
0.8902
0.4384
0.9156
0.4384
0.9156
0.4493
0.9127
0.4301
0.8776
0.4493
0.9127
0.4384
0.9156
0.4233
0.9534
0.4233
0.9534
0.4284
0.9648
0.4493
0.9127
0.4284
0.9648
0.4233
0.9534
0.3963
0.9534
0.3963
0.9534
0.3912
0.9648
0.4284
0.9648
0.3912
0.9648
0.3963
0.9534
0.3812
0.9156
0.3812
0.9156
0.3704
0.9127
0.3912
0.9648
0.3704
0.9127
0.3812
0.9156
0.3951
0.8902
0.3951
0.8902
0.3896
0.8776
0.3704
0.9127
0.3896
0.8776
0.3951
0.8902
0.4098
0.8845
0.4098
0.8845
0.4098
0.8699
0.3896
0.8776
0.6160
0.1711
0.6304
0.1779
0.6304
0.1874
0.6304
0.1874
0.6160
0.1943
0.6160
0.1711
0.3828
0.1943
0.3698
0.1874
0.3698
0.1779
0.3698
0.1779
0.3828
0.1711
0.3828
0.1943
0.6304
0.1779
0.6574
0.1784
0.6574
0.1869
0.6574
0.1869
0.6304
0.1874
0.6304
0.1779
0.3698
0.1874
0.3415
0.1869
0.3415
0.1784
0.3415
0.1784
0.3698
0.1779
0.3698
0.1874
0.3415
0.1869
0.3828
0.1943
0.4995
0.2293
0.4995
0.2293
0.4863
0.2514
0.3415
0.1869
0.5126
0.2514
0.4995
0.2293
0.6160
0.1943
0.6160
0.1943
0.6574
0.1869
0.5126
0.2514
0.6574
0.1784
0.6160
0.1711
0.4995
0.136
0.4995
0.136
0.4995
0.1085
0.6574
0.1784
0.4995
0.1085
0.4995
0.136
0.3828
0.1711
0.3828
0.1711
0.3415
0.1784
0.4995
0.1085
0.6304
0.1779
0.6160
0.1711
0.6574
0.1784
0.6304
0.1874
0.6574
0.1869
0.6160
0.1943
0.3698
0.1874
0.3828
0.1943
0.3415
0.1869
0.3698
0.1779
0.3415
0.1784
0.3828
0.1711
0.7888
0.8178
0.8039
0.8178
0.8039
0.8976
0.8039
0.8976
0.7888
0.8976
0.7888
0.8178
0.7888
0.8976
0.8039
0.8976
0.8039
0.9024
0.8039
0.9024
0.7816
0.9024
0.7888
0.8976
0.7816
0.9024
0.8039
0.9024
0.8039
0.9235
0.8039
0.9235
0.7816
0.9235
0.7816
0.9024
0.7816
0.9235
0.8039
0.9235
0.8039
0.9273
0.8039
0.9273
0.7777
0.9273
0.7816
0.9235
0.7777
0.9273
0.8039
0.9273
0.8039
0.9666
0.8039
0.9666
0.7777
0.9666
0.7777
0.9273
0.7777
0.9666
0.8039
0.9666
0.8039
0.9724
0.8039
0.9724
0.7864
0.9724
0.7777
0.9666
0.9543
0.9724
0.9719
0.9724
0.9719
0.9272
0.9719
0.9272
0.9543
0.9272
0.9543
0.9724
0.9543
0.9272
0.9719
0.9272
0.9692
0.9235
0.9692
0.9235
0.9543
0.9235
0.9543
0.9272
0.9543
0.9235
0.9692
0.9235
0.9692
0.9023
0.9692
0.9023
0.9543
0.9023
0.9543
0.9235
0.9543
0.9023
0.9692
0.9023
0.9644
0.8975
0.9644
0.8975
0.9543
0.8975
0.9543
0.9023
0.9543
0.8975
0.9644
0.8975
0.9644
0.8177
0.9644
0.8177
0.9543
0.8177
0.9543
0.8975
0.9543
0.8177
0.9644
0.8177
0.9694
0.8177
0.9694
0.8177
0.9543
0.8177
0.9543
0.8177
0.8039
0.8178
0.8191
0.8178
0.8191
0.8976
0.8191
0.8976
0.8039
0.8976
0.8039
0.8178
0.8039
0.8976
0.8191
0.8976
0.8263
0.9024
0.8263
0.9024
0.8039
0.9024
0.8039
0.8976
0.8039
0.9024
0.8263
0.9024
0.8263
0.9235
0.8263
0.9235
0.8039
0.9235
0.8039
0.9024
0.8039
0.9235
0.8263
0.9235
0.8301
0.9273
0.8301
0.9273
0.8039
0.9273
0.8039
0.9235
0.8039
0.9273
0.8301
0.9273
0.8301
0.9666
0.8301
0.9666
0.8039
0.9666
0.8039
0.9273
0.8039
0.9666
0.8301
0.9666
0.8215
0.9724
0.8215
0.9724
0.8039
0.9724
0.8039
0.9666
0.9719
0.9724
0.9543
0.9724
0.9543
0.9272
0.9543
0.9272
0.9719
0.9272
0.9719
0.9724
0.9719
0.9272
0.9543
0.9272
0.9543
0.9235
0.9543
0.9235
0.9692
0.9235
0.9719
0.9272
0.9692
0.9235
0.9543
0.9235
0.9543
0.9023
0.9543
0.9023
0.9692
0.9023
0.9692
0.9235
0.9692
0.9023
0.9543
0.9023
0.9543
0.8975
0.9543
0.8975
0.9644
0.8975
0.9692
0.9023
0.9644
0.8975
0.9543
0.8975
0.9543
0.8177
0.9543
0.8177
0.9644
0.8177
0.9644
0.8975
0.9644
0.8177
0.9543
0.8177
0.9543
0.8177
0.9543
0.8177
0.9694
0.8177
0.9644
0.8177
0.8976
0.8178
0.8838
0.8178
0.8838
0.8976
0.8838
0.8976
0.8976
0.8976
0.8976
0.8178
0.8976
0.8976
0.8838
0.8976
0.8844
0.9024
0.8844
0.9024
0.9047
0.9024
0.8976
0.8976
0.9047
0.9024
0.8844
0.9024
0.8844
0.9235
0.8844
0.9235
0.9047
0.9235
0.9047
0.9024
0.9047
0.9235
0.8844
0.9235
0.8848
0.9272
0.8848
0.9272
0.9086
0.9272
0.9047
0.9235
0.9086
0.9272
0.8848
0.9272
0.8848
0.9666
0.8848
0.9666
0.9086
0.9666
0.9086
0.9272
0.9086
0.9666
0.8848
0.9666
0.8840
0.9724
0.8840
0.9724
0.9000
0.9724
0.9086
0.9666
0.9543
0.9724
0.9367
0.9724
0.9367
0.9272
0.9367
0.9272
0.9543
0.9272
0.9543
0.9724
0.9543
0.9272
0.9367
0.9272
0.9393
0.9235
0.9393
0.9235
0.9543
0.9235
0.9543
0.9272
0.9543
0.9235
0.9393
0.9235
0.9393
0.9023
0.9393
0.9023
0.9543
0.9023
0.9543
0.9235
0.9543
0.9023
0.9393
0.9023
0.9441
0.8975
0.9441
0.8975
0.9543
0.8975
0.9543
0.9023
0.9543
0.8975
0.9441
0.8975
0.9441
0.8177
0.9441
0.8177
0.9543
0.8177
0.9543
0.8975
0.9543
0.8177
0.9441
0.8177
0.9391
0.8177
0.9391
0.8177
0.9543
0.8177
0.9543
0.8177
0.8838
0.8178
0.8674
0.8178
0.8674
0.8976
0.8674
0.8976
0.8838
0.8976
0.8838
0.8178
0.8838
0.8976
0.8674
0.8976
0.8602
0.9024
0.8602
0.9024
0.8844
0.9024
0.8838
0.8976
0.8844
0.9024
0.8602
0.9024
0.8602
0.9235
0.8602
0.9235
0.8844
0.9235
0.8844
0.9024
0.8844
0.9235
0.8602
0.9235
0.8564
0.9272
0.8564
0.9272
0.8848
0.9272
0.8844
0.9235
0.8848
0.9272
0.8564
0.9272
0.8564
0.9666
0.8564
0.9666
0.8848
0.9666
0.8848
0.9272
0.8848
0.9666
0.8564
0.9666
0.8650
0.9724
0.8650
0.9724
0.8840
0.9724
0.8848
0.9666
0.9367
0.9724
0.9543
0.9724
0.9543
0.9272
0.9543
0.9272
0.9367
0.9272
0.9367
0.9724
0.9367
0.9272
0.9543
0.9272
0.9543
0.9235
0.9543
0.9235
0.9393
0.9235
0.9367
0.9272
0.9393
0.9235
0.9543
0.9235
0.9543
0.9023
0.9543
0.9023
0.9393
0.9023
0.9393
0.9235
0.9393
0.9023
0.9543
0.9023
0.9543
0.8975
0.9543
0.8975
0.9441
0.8975
0.9393
0.9023
0.9441
0.8975
0.9543
0.8975
0.9543
0.8177
0.9543
0.8177
0.9441
0.8177
0.9441
0.8975
0.9441
0.8177
0.9543
0.8177
0.9543
0.8177
0.9543
0.8177
0.9391
0.8177
0.9441
0.8177
0.7888
0.8178
0.8039
0.8178
0.8039
0.8976
0.8039
0.8976
0.7888
0.8976
0.7888
0.8178
0.7888
0.8976
0.8039
0.8976
0.8039
0.9024
0.8039
0.9024
0.7816
0.9024
0.7888
0.8976
0.7816
0.9024
0.8039
0.9024
0.8039
0.9235
0.8039
0.9235
0.7816
0.9235
0.7816
0.9024
0.7816
0.9235
0.8039
0.9235
0.8039
0.9273
0.8039
0.9273
0.7777
0.9273
0.7816
0.9235
0.7777
0.9273
0.8039
0.9273
0.8039
0.9666
0.8039
0.9666
0.7777
0.9666
0.7777
0.9273
0.7777
0.9666
0.8039
0.9666
0.8039
0.9724
0.8039
0.9724
0.7864
0.9724
0.7777
0.9666
0.9543
0.9724
0.9719
0.9724
0.9719
0.9272
0.9719
0.9272
0.9543
0.9272
0.9543
0.9724
0.9543
0.9272
0.9719
0.9272
0.9692
0.9235
0.9692
0.9235
0.9543
0.9235
0.9543
0.9272
0.9543
0.9235
0.9692
0.9235
0.9692
0.9023
0.9692
0.9023
0.9543
0.9023
0.9543
0.9235
0.9543
0.9023
0.9692
0.9023
0.9644
0.8975
0.9644
0.8975
0.9543
0.8975
0.9543
0.9023
0.9543
0.8975
0.9644
0.8975
0.9644
0.8177
0.9644
0.8177
0.9543
0.8177
0.9543
0.8975
0.9543
0.8177
0.9644
0.8177
0.9694
0.8177
0.9694
0.8177
0.9543
0.8177
0.9543
0.8177
0.8039
0.8178
0.8191
0.8178
0.8191
0.8976
0.8191
0.8976
0.8039
0.8976
0.8039
0.8178
0.8039
0.8976
0.8191
0.8976
0.8263
0.9024
0.8263
0.9024
0.8039
0.9024
0.8039
0.8976
0.8039
0.9024
0.8263
0.9024
0.8263
0.9235
0.8263
0.9235
0.8039
0.9235
0.8039
0.9024
0.8039
0.9235
0.8263
0.9235
0.8301
0.9273
0.8301
0.9273
0.8039
0.9273
0.8039
0.9235
0.8039
0.9273
0.8301
0.9273
0.8301
0.9666
0.8301
0.9666
0.8039
0.9666
0.8039
0.9273
0.8039
0.9666
0.8301
0.9666
0.8215
0.9724
0.8215
0.9724
0.8039
0.9724
0.8039
0.9666
0.9719
0.9724
0.9543
0.9724
0.9543
0.9272
0.9543
0.9272
0.9719
0.9272
0.9719
0.9724
0.9719
0.9272
0.9543
0.9272
0.9543
0.9235
0.9543
0.9235
0.9692
0.9235
0.9719
0.9272
0.9692
0.9235
0.9543
0.9235
0.9543
0.9023
0.9543
0.9023
0.9692
0.9023
0.9692
0.9235
0.9692
0.9023
0.9543
0.9023
0.9543
0.8975
0.9543
0.8975
0.9644
0.8975
0.9692
0.9023
0.9644
0.8975
0.9543
0.8975
0.9543
0.8177
0.9543
0.8177
0.9644
0.8177
0.9644
0.8975
0.9644
0.8177
0.9543
0.8177
0.9543
0.8177
0.9543
0.8177
0.9694
0.8177
0.9644
0.8177
0.8976
0.8178
0.8838
0.8178
0.8838
0.8976
0.8838
0.8976
0.8976
0.8976
0.8976
0.8178
0.8976
0.8976
0.8838
0.8976
0.8844
0.9024
0.8844
0.9024
0.9047
0.9024
0.8976
0.8976
0.9047
0.9024
0.8844
0.9024
0.8844
0.9235
0.8844
0.9235
0.9047
0.9235
0.9047
0.9024
0.9047
0.9235
0.8844
0.9235
0.8848
0.9272
0.8848
0.9272
0.9086
0.9272
0.9047
0.9235
0.9086
0.9272
0.8848
0.9272
0.8848
0.9666
0.8848
0.9666
0.9086
0.9666
0.9086
0.9272
0.9086
0.9666
0.8848
0.9666
0.8840
0.9724
0.8840
0.9724
0.9000
0.9724
0.9086
0.9666
0.9543
0.9724
0.9367
0.9724
0.9367
0.9272
0.9367
0.9272
0.9543
0.9272
0.9543
0.9724
0.9543
0.9272
0.9367
0.9272
0.9393
0.9235
0.9393
0.9235
0.9543
0.9235
0.9543
0.9272
0.9543
0.9235
0.9393
0.9235
0.9393
0.9023
0.9393
0.9023
0.9543
0.9023
0.9543
0.9235
0.9543
0.9023
0.9393
0.9023
0.9441
0.8975
0.9441
0.8975
0.9543
0.8975
0.9543
0.9023
0.9543
0.8975
0.9441
0.8975
0.9441
0.8177
0.9441
0.8177
0.9543
0.8177
0.9543
0.8975
0.9543
0.8177
0.9441
0.8177
0.9391
0.8177
0.9391
0.8177
0.9543
0.8177
0.9543
0.8177
0.8838
0.8178
0.8674
0.8178
0.8674
0.8976
0.8674
0.8976
0.8838
0.8976
0.8838
0.8178
0.8838
0.8976
0.8674
0.8976
0.8602
0.9024
0.8602
0.9024
0.8844
0.9024
0.8838
0.8976
0.8844
0.9024
0.8602
0.9024
0.8602
0.9235
0.8602
0.9235
0.8844
0.9235
0.8844
0.9024
0.8844
0.9235
0.8602
0.9235
0.8564
0.9272
0.8564
0.9272
0.8848
0.9272
0.8844
0.9235
0.8848
0.9272
0.8564
0.9272
0.8564
0.9666
0.8564
0.9666
0.8848
0.9666
0.8848
0.9272
0.8848
0.9666
0.8564
0.9666
0.8650
0.9724
0.8650
0.9724
0.8840
0.9724
0.8848
0.9666
0.9367
0.9724
0.9543
0.9724
0.9543
0.9272
0.9543
0.9272
0.9367
0.9272
0.9367
0.9724
0.9367
0.9272
0.9543
0.9272
0.9543
0.9235
0.9543
0.9235
0.9393
0.9235
0.9367
0.9272
0.9393
0.9235
0.9543
0.9235
0.9543
0.9023
0.9543
0.9023
0.9393
0.9023
0.9393
0.9235
0.9393
0.9023
0.9543
0.9023
0.9543
0.8975
0.9543
0.8975
0.9441
0.8975
0.9393
0.9023
0.9441
0.8975
0.9543
0.8975
0.9543
0.8177
0.9543
0.8177
0.9441
0.8177
0.9441
0.8975
0.9441
0.8177
0.9543
0.8177
0.9543
0.8177
0.9543
0.8177
0.9391
0.8177
0.9441
0.8177
0.2301
0.0243
0.2349
0.0488
0.0180
0.0863
0.0180
0.0863
0.0141
0.0665
0.2301
0.0243
0.4314
0.0241
0.4355
0.0749
0.2405
0.0804
0.2405
0.0804
0.2349
0.0488
0.4314
0.0241
0.2349
0.0488
0.2405
0.0804
0.0180
0.0863
0.4422
0.1032
0.2365
0.1658
0.2357
0.0936
0.2357
0.0936
0.2365
0.1658
0.0188
0.1169
0.2025
0.4351
0.2086
0.4405
0.1476
0.5014
0.1476
0.5014
0.1362
0.5014
0.2025
0.4351
0.1362
0.5014
0.1476
0.5014
0.2086
0.5624
0.2086
0.5624
0.2025
0.5677
0.1362
0.5014
0.2025
0.451
0.2086
0.4569
0.1641
0.5014
0.1641
0.5014
0.1520
0.5014
0.2025
0.451
0.1520
0.5014
0.1641
0.5014
0.2086
0.5459
0.2086
0.5459
0.2025
0.5519
0.1520
0.5014
0.2025
0.4662
0.2086
0.4715
0.1786
0.5014
0.1786
0.5014
0.1673
0.5014
0.2025
0.4662
0.1673
0.5014
0.1786
0.5014
0.2086
0.5314
0.2086
0.5314
0.2025
0.5367
0.1673
0.5014