0.4133
0.9745
0.4222
0.9057
0.5027
0.9041
0.5027
0.9041
0.5041
0.9729
0.4133
0.9745
0.0402
0.3836
0.0542
0.3836
0.0545
0.3088
0.0545
0.3088
0.0402
0.3088
0.0402
0.3836
0.0402
0.9614
0.0524
0.9614
0.0527
0.8866
0.0527
0.8866
0.0402
0.8866
0.0402
0.9614
0.0402
0.3836
0.0402
0.549
0.0537
0.549
0.0537
0.549
0.0542
0.3836
0.0402
0.3836
0.0402
0.7212
0.0402
0.8866
0.0527
0.8866
0.0527
0.8866
0.0532
0.7212
0.0402
0.7212
0.0932
0.3836
0.1003
0.3088
0.0636
0.3088
0.0636
0.3088
0.0613
0.3836
0.0932
0.3836
0.7155
0.1715
0.7155
0.1282
0.5627
0.1829
0.7155
0.1715
0.7846
0.1699
0.7846
0.1169
0.7846
0.1169
0.7155
0.1282
0.7155
0.1715
0.7862
0.2038
0.7171
0.1988
0.7173
0.3639
0.7862
0.2038
0.7173
0.3639
0.7173
0.4211
0.7862
0.2038
0.7173
0.4211
0.7862
0.4372
0.5849
0.8771
0.5794
0.9261
0.5797
0.926
0.5797
0.926
0.5847
0.8816
0.5849
0.8771
0.5794
0.9261
0.5731
0.977
0.5739
0.9723
0.5739
0.9723
0.5797
0.926
0.5794
0.9261
0.5731
0.977
0.5851
0.9253
0.5848
0.9254
0.5848
0.9254
0.5739
0.9723
0.5731
0.977
0.5851
0.9253
0.5849
0.8771
0.5847
0.8816
0.5847
0.8816
0.5848
0.9254
0.5851
0.9253
0.5847
0.8816
0.5797
0.926
0.5792
0.9258
0.5792
0.9258
0.5842
0.8814
0.5847
0.8816
0.5797
0.926
0.5739
0.9723
0.5735
0.9721
0.5735
0.9721
0.5792
0.9258
0.5797
0.926
0.5739
0.9723
0.5848
0.9254
0.5844
0.9252
0.5844
0.9252
0.5735
0.9721
0.5739
0.9723
0.5848
0.9254
0.5847
0.8816
0.5842
0.8814
0.5842
0.8814
0.5844
0.9252
0.5848
0.9254
0.5693
0.977
0.5731
0.977
0.5728
0.9765
0.5728
0.9765
0.5693
0.9765
0.5693
0.977
0.5731
0.977
0.5794
0.9261
0.5791
0.926
0.5791
0.926
0.5728
0.9765
0.5731
0.977
0.5794
0.9261
0.5849
0.8771
0.5845
0.8777
0.5845
0.8777
0.5791
0.926
0.5794
0.9261
0.5849
0.8771
0.5755
0.8771
0.5759
0.8777
0.5759
0.8777
0.5845
0.8777
0.5849
0.8771
0.5755
0.8771
0.5733
0.9261
0.5736
0.9265
0.5736
0.9265
0.5759
0.8777
0.5755
0.8771
0.5733
0.9261
0.5693
0.9261
0.5693
0.9266
0.5693
0.9266
0.5736
0.9265
0.5733
0.9261
0.5693
0.9765
0.5728
0.9765
0.5727
0.9763
0.5727
0.9763
0.5693
0.9763
0.5693
0.9765
0.5728
0.9765
0.5791
0.926
0.5790
0.9258
0.5790
0.9258
0.5727
0.9763
0.5728
0.9765
0.5791
0.926
0.5845
0.8777
0.5844
0.8775
0.5844
0.8775
0.5790
0.9258
0.5791
0.926
0.5845
0.8777
0.5759
0.8777
0.5758
0.8775
0.5758
0.8775
0.5844
0.8775
0.5845
0.8777
0.5759
0.8777
0.5736
0.9265
0.5735
0.9263
0.5735
0.9263
0.5758
0.8775
0.5759
0.8777
0.5736
0.9265
0.5693
0.9266
0.5693
0.9264
0.5693
0.9264
0.5735
0.9263
0.5736
0.9265
0.4133
0.9745
0.3632
0.9752
0.3763
0.9064
0.3763
0.9064
0.4222
0.9057
0.4133
0.9745
0.4920
0.3726
0.4933
0.4414
0.4732
0.4418
0.4732
0.4418
0.4811
0.3728
0.4920
0.3726
0.5016
0.5979
0.5046
0.748
0.4521
0.7489
0.4521
0.7489
0.4684
0.5985
0.5016
0.5979
0.5046
0.748
0.5075
0.8921
0.4349
0.8934
0.4349
0.8934
0.4521
0.7489
0.5046
0.748
0.4987
0.4537
0.5016
0.5979
0.4684
0.5985
0.4684
0.5985
0.4832
0.454
0.4987
0.4537
0.9180
0.5573
0.8770
0.5573
0.8128
0.5764
0.8128
0.5764
0.9180
0.58
0.9180
0.5573
0.8930
0.4808
0.8770
0.5573
0.8871
0.5459
0.8871
0.5459
0.8974
0.4857
0.8930
0.4808
0.8770
0.5573
0.9180
0.5573
0.9114
0.5459
0.9114
0.5459
0.8871
0.5459
0.8770
0.5573
0.9180
0.5573
0.9180
0.4808
0.9151
0.4857
0.9151
0.4857
0.9114
0.5459
0.9180
0.5573
0.9180
0.4808
0.8930
0.4808
0.8974
0.4857
0.8974
0.4857
0.9151
0.4857
0.9180
0.4808
0.8974
0.4857
0.8871
0.5459
0.8941
0.5386
0.8941
0.5386
0.9013
0.4967
0.8974
0.4857
0.8871
0.5459
0.9114
0.5459
0.9062
0.5386
0.9062
0.5386
0.8941
0.5386
0.8871
0.5459
0.9114
0.5459
0.9151
0.4857
0.9097
0.4967
0.9097
0.4967
0.9062
0.5386
0.9114
0.5459
0.9151
0.4857
0.8974
0.4857
0.9013
0.4967
0.9013
0.4967
0.9097
0.4967
0.9151
0.4857
0.7451
0.9315
0.9180
0.98
0.9180
0.9588
0.9180
0.9588
0.7737
0.909
0.7451
0.9315
0.8128
0.5764
0.8082
0.6061
0.9180
0.58
0.8128
0.5764
0.6430
0.8213
0.6920
0.8078
0.6920
0.8078
0.8082
0.6061
0.8128
0.5764
0.6497
0.8615
0.7451
0.9315
0.7737
0.909
0.7737
0.909
0.6920
0.8078
0.6497
0.8615
0.8060
0.8858
0.7737
0.909
0.9180
0.9588
0.9180
0.9588
0.9180
0.9519
0.8060
0.8858
0.9180
0.6063
0.9180
0.58
0.8082
0.6061
0.8082
0.6061
0.8090
0.669
0.9180
0.6063
0.8090
0.669
0.8082
0.6061
0.6920
0.8078
0.6920
0.8078
0.7452
0.7791
0.8090
0.669
0.7452
0.7791
0.6920
0.8078
0.7737
0.909
0.7737
0.909
0.8060
0.8858
0.7452
0.7791
0.9180
0.6063
0.7452
0.7791
0.7935
0.7791
0.7935
0.7791
0.9327
0.6398
0.9180
0.6063
0.7452
0.7791
0.9180
0.9519
0.9327
0.9183
0.9327
0.9183
0.7935
0.7791
0.7452
0.7791
0.9316
0.651
0.8035
0.7791
0.8398
0.7791
0.8398
0.7791
0.9458
0.6731
0.9316
0.651
0.8035
0.7791
0.9316
0.9072
0.9458
0.885
0.9458
0.885
0.8398
0.7791
0.8035
0.7791
0.9435
0.6856
0.8500
0.7791
0.8865
0.7791
0.8865
0.7791
0.9605
0.7051
0.9435
0.6856
0.8500
0.7791
0.9435
0.8725
0.9605
0.8531
0.9605
0.8531
0.8865
0.7791
0.8500
0.7791
0.9611
0.7161
0.8982
0.7791
0.9611
0.7791
0.8982
0.7791
0.9611
0.842
0.9611
0.7791
0.9180
0.6063
0.8090
0.669
0.7452
0.7791
0.7452
0.7791
0.8060
0.8858
0.9180
0.9519
0.6497
0.8615
0.6920
0.8078
0.6430
0.8213
0.3364
0.5602
0.3141
0.5497
0.2221
0.7298
0.2221
0.7298
0.2398
0.7378
0.3364
0.5602
0.2398
0.7378
0.2221
0.7298
0.1308
0.9011
0.1308
0.9011
0.1447
0.9074
0.2398
0.7378
0.7862
0.4569
0.7862
0.4372
0.7173
0.4211
0.7173
0.4211
0.7173
0.4404
0.7862
0.4569
0.0966
0.9652
0.1082
0.9704
0.1447
0.9074
0.1447
0.9074
0.1308
0.9011
0.0966
0.9652
0.5027
0.9041
0.4222
0.9057
0.4349
0.8934
0.4349
0.8934
0.5075
0.8921
0.5027
0.9041
0.4222
0.9057
0.4404
0.753
0.4521
0.7489
0.4521
0.7489
0.4349
0.8934
0.4222
0.9057
0.4404
0.753
0.4576
0.5943
0.4684
0.5985
0.4684
0.5985
0.4521
0.7489
0.4404
0.753
0.4576
0.5943
0.4732
0.4418
0.4832
0.454
0.4832
0.454
0.4684
0.5985
0.4576
0.5943
0.9246
0.0348000000000001
0.8690
0.0478
0.8691
0.0641
0.8691
0.0641
0.9158
0.0505
0.9246
0.0348000000000001
0.5831
0.7606
0.6075
0.7456
0.5544
0.7557
0.5544
0.7557
0.5544
0.769
0.5831
0.7606
0.6592
0.7213
0.6151
0.5971
0.5995
0.617
0.5995
0.617
0.6365
0.7212
0.6592
0.7213
0.6151
0.5971
0.5544
0.5971
0.5544
0.617
0.5544
0.617
0.5995
0.617
0.6151
0.5971
0.5544
0.8203
0.6128
0.7967
0.6024
0.774
0.6024
0.774
0.5544
0.7847
0.5544
0.8203
0.6128
0.7967
0.6393
0.775
0.6213
0.7622
0.6213
0.7622
0.6024
0.774
0.6128
0.7967
0.6393
0.775
0.6592
0.7213
0.6365
0.7212
0.6365
0.7212
0.6213
0.7622
0.6393
0.775
0.5995
0.617
0.5544
0.617
0.5544
0.6359
0.5544
0.6359
0.5808
0.6359
0.5995
0.617
0.5544
0.7847
0.6024
0.774
0.5831
0.7606
0.5831
0.7606
0.5544
0.769
0.5544
0.7847
0.6024
0.774
0.6213
0.7622
0.6075
0.7456
0.6075
0.7456
0.5831
0.7606
0.6024
0.774
0.6195
0.7059
0.5544
0.706
0.5544
0.7187
0.5544
0.7187
0.6101
0.7186
0.6195
0.7059
0.5544
0.6788
0.5544
0.6927
0.6006
0.6919
0.6006
0.6919
0.6100
0.678
0.5544
0.6788
0.5997
0.6505
0.5544
0.6498
0.5544
0.662
0.5544
0.662
0.5903
0.6627
0.5997
0.6505
0.5544
0.7306
0.5544
0.74
0.6041
0.7349
0.6041
0.7349
0.6135
0.7255
0.5544
0.7306
0.5808
0.6359
0.5544
0.6359
0.5544
0.6498
0.5544
0.6498
0.5997
0.6505
0.5808
0.6359
0.6101
0.7186
0.5544
0.7187
0.5544
0.7306
0.5544
0.7306
0.6135
0.7255
0.6101
0.7186
0.6006
0.6919
0.5544
0.6927
0.5544
0.706
0.5544
0.706
0.6195
0.7059
0.6006
0.6919
0.5903
0.6627
0.5544
0.662
0.5544
0.6788
0.5544
0.6788
0.6100
0.678
0.5903
0.6627
0.6041
0.7349
0.5544
0.74
0.5544
0.7557
0.5544
0.7557
0.6075
0.7456
0.6041
0.7349
0.5997
0.6505
0.5995
0.617
0.5808
0.6359
0.6135
0.7255
0.6195
0.7059
0.6101
0.7186
0.6195
0.7059
0.6100
0.678
0.6006
0.6919
0.6100
0.678
0.5997
0.6505
0.5903
0.6627
0.6075
0.7456
0.6135
0.7255
0.6041
0.7349
0.6135
0.7255
0.6075
0.7456
0.6213
0.7622
0.6195
0.7059
0.6135
0.7255
0.6213
0.7622
0.6213
0.7622
0.6365
0.7212
0.6195
0.7059
0.6100
0.678
0.6195
0.7059
0.6365
0.7212
0.5997
0.6505
0.6100
0.678
0.6365
0.7212
0.6365
0.7212
0.5995
0.617
0.5997
0.6505
0.4732
0.4418
0.4933
0.4414
0.4913
0.444
0.4913
0.444
0.4786
0.4442
0.4732
0.4418
0.4933
0.4414
0.4987
0.4537
0.4947
0.4502
0.4947
0.4502
0.4913
0.444
0.4933
0.4414
0.4987
0.4537
0.4832
0.454
0.4835
0.4504
0.4835
0.4504
0.4947
0.4502
0.4987
0.4537
0.4832
0.454
0.4732
0.4418
0.4786
0.4442
0.4786
0.4442
0.4835
0.4504
0.4832
0.454
0.9493
0.0227000000000001
0.8482
0.0463
0.8690
0.0478
0.8690
0.0478
0.9246
0.0348000000000001
0.9493
0.0227000000000001
0.8482
0.0463
0.8483
0.076
0.8691
0.0641
0.8691
0.0641
0.8690
0.0478
0.8482
0.0463
0.8483
0.076
0.9332
0.0513
0.9158
0.0505
0.9158
0.0505
0.8691
0.0641
0.8483
0.076
0.9332
0.0513
0.9493
0.0227000000000001
0.9246
0.0348000000000001
0.9246
0.0348000000000001
0.9158
0.0505
0.9332
0.0513
0.7173
0.3639
0.7171
0.1988
0.5669
0.2489
0.5669
0.2489
0.5652
0.3473
0.7173
0.3639
0.5669
0.2489
0.4054
0.2149
0.4054
0.3259
0.4054
0.3259
0.5652
0.3473
0.5669
0.2489
0.4054
0.3259
0.4054
0.2149
0.2527
0.2494
0.2527
0.2494
0.2527
0.3091
0.4054
0.3259
0.2527
0.3091
0.2527
0.2494
0.1836
0.2679
0.1836
0.2679
0.1836
0.3018
0.2527
0.3091
0.1607
0.3834
0.1336
0.5481
0.2655
0.5617
0.2655
0.5617
0.3577
0.3834
0.1607
0.3834
0.1336
0.5481
0.1008
0.7212
0.1776
0.7342
0.1776
0.7342
0.2655
0.5617
0.1336
0.5481
0.1008
0.7212
0.0734
0.8866
0.0918
0.8996
0.0918
0.8996
0.1776
0.7342
0.1008
0.7212
0.0734
0.8866
0.0613
0.9614
0.0918
0.8996
0.4732
0.4418
0.4576
0.5943
0.3654
0.5842
0.3654
0.5842
0.4485
0.4306
0.4732
0.4418
0.4576
0.5943
0.4404
0.753
0.2852
0.7441
0.2852
0.7441
0.3654
0.5842
0.4576
0.5943
0.4404
0.753
0.4222
0.9057
0.2002
0.91
0.2002
0.91
0.2852
0.7441
0.4404
0.753
0.4732
0.4418
0.4485
0.4306
0.4762
0.3732
0.4762
0.3732
0.4811
0.3728
0.4732
0.4418
0.7803
0.5764
0.7286
0.539
0.6749
0.5432
0.6749
0.5432
0.7001
0.5639
0.7803
0.5764
0.7286
0.539
0.7241
0.5151
0.6704
0.5293
0.6704
0.5293
0.6749
0.5432
0.7286
0.539
0.7241
0.5151
0.7462
0.4773
0.6794
0.5139
0.6794
0.5139
0.6704
0.5293
0.7241
0.5151
0.7462
0.4773
0.5422
0.5403
0.5607
0.5497
0.5607
0.5497
0.6794
0.5139
0.7462
0.4773
0.5422
0.5403
0.5300
0.5668
0.5570
0.5578
0.5570
0.5578
0.5607
0.5497
0.5422
0.5403
0.5300
0.5668
0.7803
0.5764
0.7001
0.5639
0.7001
0.5639
0.5570
0.5578
0.5300
0.5668
0.7001
0.5639
0.6749
0.5432
0.6565
0.5447
0.6565
0.5447
0.6719
0.5574
0.7001
0.5639
0.6749
0.5432
0.6704
0.5293
0.6537
0.5362
0.6537
0.5362
0.6565
0.5447
0.6749
0.5432
0.6704
0.5293
0.6794
0.5139
0.6592
0.5267
0.6592
0.5267
0.6537
0.5362
0.6704
0.5293
0.6794
0.5139
0.5607
0.5497
0.5862
0.5487
0.5862
0.5487
0.6592
0.5267
0.6794
0.5139
0.5607
0.5497
0.5570
0.5578
0.5840
0.5536
0.5840
0.5536
0.5862
0.5487
0.5607
0.5497
0.5570
0.5578
0.7001
0.5639
0.6719
0.5574
0.6719
0.5574
0.5840
0.5536
0.5570
0.5578
0.8787
0.121
0.9074
0.1476
0.9209
0.1244
0.9209
0.1244
0.8947
0.1054
0.8787
0.121
0.8787
0.121
0.8947
0.1054
0.9044
0.0906
0.9044
0.0906
0.8628
0.1169
0.8787
0.121
0.8628
0.1169
0.9003
0.1618
0.9074
0.1476
0.9074
0.1476
0.8787
0.121
0.8628
0.1169
0.9209
0.1244
0.9074
0.1476
0.9003
0.1618
0.9003
0.1618
0.9368
0.1228
0.9209
0.1244
0.9368
0.1228
0.9044
0.0906
0.8947
0.1054
0.8947
0.1054
0.9209
0.1244
0.9368
0.1228
0.3364
0.5602
0.4350
0.3752
0.3907
0.4489
0.3141
0.5497
0.3364
0.5602
0.3907
0.4489
0.3907
0.4489
0.3759
0.4535
0.3141
0.5497
0.4350
0.3752
0.4076
0.3628
0.3932
0.4191
0.3932
0.4191
0.3907
0.4489
0.4350
0.3752
0.3759
0.4535
0.3814
0.4249
0.3141
0.5497
0.3932
0.4191
0.4076
0.3628
0.3814
0.4249
0.3814
0.4249
0.4076
0.3628
0.3141
0.5497
0.2661
0.0416
0.0255
0.1109
0.0318
0.1331
0.0318
0.1331
0.2740
0.0691000000000001
0.2661
0.0416
0.4965
0.021
0.2740
0.0691000000000001
0.2836
0.1046
0.2836
0.1046
0.5066
0.0786
0.4965
0.021
0.2740
0.0691000000000001
0.0318
0.1331
0.2836
0.1046
0.5204
0.0989
0.2786
0.1301
0.2942
0.2138
0.2786
0.1301
0.0308
0.1976
0.2942
0.2138
0.8554
0.1928
0.8554
0.3639
0.8667
0.3639
0.8667
0.3639
0.8667
0.1928
0.8554
0.1928
0.8554
0.3639
0.8554
0.3675
0.8720
0.3675
0.8720
0.3675
0.8667
0.3639
0.8554
0.3639
0.8554
0.3675
0.8554
0.4125
0.8720
0.4125
0.8720
0.4125
0.8720
0.3675
0.8554
0.3675
0.8554
0.4125
0.8554
0.4153
0.8749
0.4153
0.8749
0.4153
0.8720
0.4125
0.8554
0.4125
0.8554
0.4153
0.8554
0.4445
0.8749
0.4445
0.8749
0.4445
0.8749
0.4153
0.8554
0.4153
0.8554
0.4445
0.8554
0.4489
0.8685
0.4489
0.8685
0.4489
0.8749
0.4445
0.8554
0.4445
0.9485
0.447
0.9485
0.4133
0.9616
0.4133
0.9616
0.4133
0.9616
0.447
0.9485
0.447
0.9485
0.4133
0.9485
0.4105
0.9596
0.4105
0.9596
0.4105
0.9616
0.4133
0.9485
0.4133
0.9485
0.4105
0.9485
0.3653
0.9596
0.3653
0.9596
0.3653
0.9596
0.4105
0.9485
0.4105
0.9485
0.3653
0.9485
0.3617
0.9560
0.3617
0.9560
0.3617
0.9596
0.3653
0.9485
0.3653
0.9485
0.3617
0.9485
0.1899
0.9560
0.1899
0.9560
0.1899
0.9560
0.3617
0.9485
0.3617
0.9485
0.1899
0.9485
0.1899
0.9598
0.1899
0.9598
0.1899
0.9560
0.1899
0.9485
0.1899
0.8918
0.1928
0.8918
0.3639
0.9030
0.3639
0.9030
0.3639
0.9030
0.1928
0.8918
0.1928
0.8918
0.3639
0.8864
0.3675
0.9030
0.3675
0.9030
0.3675
0.9030
0.3639
0.8918
0.3639
0.8864
0.3675
0.8864
0.4125
0.9030
0.4125
0.9030
0.4125
0.9030
0.3675
0.8864
0.3675
0.8864
0.4125
0.8835
0.4153
0.9030
0.4153
0.9030
0.4153
0.9030
0.4125
0.8864
0.4125
0.8835
0.4153
0.8835
0.4445
0.9030
0.4445
0.9030
0.4445
0.9030
0.4153
0.8835
0.4153
0.8835
0.4445
0.8900
0.4489
0.9030
0.4489
0.9030
0.4489
0.9030
0.4445
0.8835
0.4445
0.9616
0.447
0.9616
0.4133
0.9485
0.4133
0.9485
0.4133
0.9485
0.447
0.9616
0.447
0.9616
0.4133
0.9596
0.4105
0.9485
0.4105
0.9485
0.4105
0.9485
0.4133
0.9616
0.4133
0.9596
0.4105
0.9596
0.3653
0.9485
0.3653
0.9485
0.3653
0.9485
0.4105
0.9596
0.4105
0.9596
0.3653
0.9560
0.3617
0.9485
0.3617
0.9485
0.3617
0.9485
0.3653
0.9596
0.3653
0.9560
0.3617
0.9560
0.1899
0.9485
0.1899
0.9485
0.1899
0.9485
0.3617
0.9560
0.3617
0.9560
0.1899
0.9598
0.1899
0.9485
0.1899
0.9485
0.1899
0.9485
0.1899
0.9560
0.1899
0.9030
0.1928
0.9030
0.3639
0.9143
0.3639
0.9143
0.3639
0.9143
0.1928
0.9030
0.1928
0.9030
0.3639
0.9030
0.3675
0.9197
0.3675
0.9197
0.3675
0.9143
0.3639
0.9030
0.3639
0.9030
0.3675
0.9030
0.4125
0.9197
0.4125
0.9197
0.4125
0.9197
0.3675
0.9030
0.3675
0.9030
0.4125
0.9030
0.4153
0.9226
0.4153
0.9226
0.4153
0.9197
0.4125
0.9030
0.4125
0.9030
0.4153
0.9030
0.4445
0.9226
0.4445
0.9226
0.4445
0.9226
0.4153
0.9030
0.4153
0.9030
0.4445
0.9030
0.4489
0.9161
0.4489
0.9161
0.4489
0.9226
0.4445
0.9030
0.4445
0.9485
0.447
0.9485
0.4133
0.9353
0.4133
0.9353
0.4133
0.9353
0.447
0.9485
0.447
0.9485
0.4133
0.9485
0.4105
0.9373
0.4105
0.9373
0.4105
0.9353
0.4133
0.9485
0.4133
0.9485
0.4105
0.9485
0.3653
0.9373
0.3653
0.9373
0.3653
0.9373
0.4105
0.9485
0.4105
0.9485
0.3653
0.9485
0.3617
0.9409
0.3617
0.9409
0.3617
0.9373
0.3653
0.9485
0.3653
0.9485
0.3617
0.9485
0.1899
0.9409
0.1899
0.9409
0.1899
0.9409
0.3617
0.9485
0.3617
0.9485
0.1899
0.9485
0.1899
0.9371
0.1899
0.9371
0.1899
0.9409
0.1899
0.9485
0.1899
0.8441
0.1928
0.8441
0.3639
0.8554
0.3639
0.8554
0.3639
0.8554
0.1928
0.8441
0.1928
0.8441
0.3639
0.8388
0.3675
0.8554
0.3675
0.8554
0.3675
0.8554
0.3639
0.8441
0.3639
0.8388
0.3675
0.8388
0.4125
0.8554
0.4125
0.8554
0.4125
0.8554
0.3675
0.8388
0.3675
0.8388
0.4125
0.8359
0.4153
0.8554
0.4153
0.8554
0.4153
0.8554
0.4125
0.8388
0.4125
0.8359
0.4153
0.8359
0.4445
0.8554
0.4445
0.8554
0.4445
0.8554
0.4153
0.8359
0.4153
0.8359
0.4445
0.8423
0.4489
0.8554
0.4489
0.8554
0.4489
0.8554
0.4445
0.8359
0.4445
0.9353
0.447
0.9353
0.4133
0.9485
0.4133
0.9485
0.4133
0.9485
0.447
0.9353
0.447
0.9353
0.4133
0.9373
0.4105
0.9485
0.4105
0.9485
0.4105
0.9485
0.4133
0.9353
0.4133
0.9373
0.4105
0.9373
0.3653
0.9485
0.3653
0.9485
0.3653
0.9485
0.4105
0.9373
0.4105
0.9373
0.3653
0.9409
0.3617
0.9485
0.3617
0.9485
0.3617
0.9485
0.3653
0.9373
0.3653
0.9409
0.3617
0.9409
0.1899
0.9485
0.1899
0.9485
0.1899
0.9485
0.3617
0.9409
0.3617
0.9409
0.1899
0.9371
0.1899
0.9485
0.1899
0.9485
0.1899
0.9485
0.1899
0.9409
0.1899
0.6500
0.0138
0.6465
0.0303
0.6553
0.0301
0.6553
0.0301
0.6550
0.0137
0.6500
0.0138
0.6229
0.1046
0.5761
0.0578
0.5834
0.0578
0.5834
0.0578
0.6264
0.1008
0.6229
0.1046
0.5761
0.0578
0.6229
0.011
0.6264
0.0148
0.6264
0.0148
0.5834
0.0578
0.5761
0.0578
0.6229
0.0934
0.5873
0.0578
0.5951
0.0578
0.5951
0.0578
0.6264
0.0891999999999999
0.6229
0.0934
0.5873
0.0578
0.6229
0.0222
0.6264
0.0264
0.6264
0.0264
0.5951
0.0578
0.5873
0.0578
0.6229
0.0827
0.5980
0.0578
0.6053
0.0578
0.6053
0.0578
0.6264
0.0789
0.6229
0.0827
0.5980
0.0578
0.6229
0.033
0.6264
0.0367
0.6264
0.0367
0.6053
0.0578
0.5980
0.0578
0.6706
0.0241
0.6574
0.0387
0.6661
0.1076
0.6574
0.0387
0.6487
0.0412
0.6610
0.1054
0.6610
0.1054
0.6661
0.1076
0.6574
0.0387
0.6487
0.0412
0.6390
0.0359
0.6610
0.1054
0.4133
0.9745
0.5041
0.9729
0.5027
0.9041
0.5027
0.9041
0.4222
0.9057
0.4133
0.9745
0.0402
0.3836
0.0402
0.3088
0.0545
0.3088
0.0545
0.3088
0.0542
0.3836
0.0402
0.3836
0.0402
0.9614
0.0402
0.8866
0.0527
0.8866
0.0527
0.8866
0.0524
0.9614
0.0402
0.9614
0.0402
0.3836
0.0542
0.3836
0.0537
0.549
0.0537
0.549
0.0402
0.549
0.0402
0.3836
0.0402
0.7212
0.0532
0.7212
0.0527
0.8866
0.0527
0.8866
0.0402
0.8866
0.0402
0.7212
0.0932
0.3836
0.0613
0.3836
0.0636
0.3088
0.0636
0.3088
0.1003
0.3088
0.0932
0.3836
0.7155
0.1715
0.5627
0.1829
0.7155
0.1282
0.7155
0.1715
0.7155
0.1282
0.7846
0.1169
0.7846
0.1169
0.7846
0.1699
0.7155
0.1715
0.7862
0.2038
0.7862
0.4372
0.7173
0.4211
0.7862
0.2038
0.7173
0.4211
0.7173
0.3639
0.7862
0.2038
0.7173
0.3639
0.7171
0.1988
0.5849
0.8771
0.5847
0.8816
0.5797
0.926
0.5797
0.926
0.5794
0.9261
0.5849
0.8771
0.5794
0.9261
0.5797
0.926
0.5739
0.9723
0.5739
0.9723
0.5731
0.977
0.5794
0.9261
0.5731
0.977
0.5739
0.9723
0.5848
0.9254
0.5848
0.9254
0.5851
0.9253
0.5731
0.977
0.5851
0.9253
0.5848
0.9254
0.5847
0.8816
0.5847
0.8816
0.5849
0.8771
0.5851
0.9253
0.5847
0.8816
0.5842
0.8814
0.5792
0.9258
0.5792
0.9258
0.5797
0.926
0.5847
0.8816
0.5797
0.926
0.5792
0.9258
0.5735
0.9721
0.5735
0.9721
0.5739
0.9723
0.5797
0.926
0.5739
0.9723
0.5735
0.9721
0.5844
0.9252
0.5844
0.9252
0.5848
0.9254
0.5739
0.9723
0.5848
0.9254
0.5844
0.9252
0.5842
0.8814
0.5842
0.8814
0.5847
0.8816
0.5848
0.9254
0.5693
0.977
0.5693
0.9765
0.5728
0.9765
0.5728
0.9765
0.5731
0.977
0.5693
0.977
0.5731
0.977
0.5728
0.9765
0.5791
0.926
0.5791
0.926
0.5794
0.9261
0.5731
0.977
0.5794
0.9261
0.5791
0.926
0.5845
0.8777
0.5845
0.8777
0.5849
0.8771
0.5794
0.9261
0.5849
0.8771
0.5845
0.8777
0.5759
0.8777
0.5759
0.8777
0.5755
0.8771
0.5849
0.8771
0.5755
0.8771
0.5759
0.8777
0.5736
0.9265
0.5736
0.9265
0.5733
0.9261
0.5755
0.8771
0.5733
0.9261
0.5736
0.9265
0.5693
0.9266
0.5693
0.9266
0.5693
0.9261
0.5733
0.9261
0.5693
0.9765
0.5693
0.9763
0.5727
0.9763
0.5727
0.9763
0.5728
0.9765
0.5693
0.9765
0.5728
0.9765
0.5727
0.9763
0.5790
0.9258
0.5790
0.9258
0.5791
0.926
0.5728
0.9765
0.5791
0.926
0.5790
0.9258
0.5844
0.8775
0.5844
0.8775
0.5845
0.8777
0.5791
0.926
0.5845
0.8777
0.5844
0.8775
0.5758
0.8775
0.5758
0.8775
0.5759
0.8777
0.5845
0.8777
0.5759
0.8777
0.5758
0.8775
0.5735
0.9263
0.5735
0.9263
0.5736
0.9265
0.5759
0.8777
0.5736
0.9265
0.5735
0.9263
0.5693
0.9264
0.5693
0.9264
0.5693
0.9266
0.5736
0.9265
0.4133
0.9745
0.4222
0.9057
0.3763
0.9064
0.3763
0.9064
0.3632
0.9752
0.4133
0.9745
0.4920
0.3726
0.4811
0.3728
0.4732
0.4418
0.4732
0.4418
0.4933
0.4414
0.4920
0.3726
0.5016
0.5979
0.4684
0.5985
0.4521
0.7489
0.4521
0.7489
0.5046
0.748
0.5016
0.5979
0.5046
0.748
0.4521
0.7489
0.4349
0.8934
0.4349
0.8934
0.5075
0.8921
0.5046
0.748
0.4987
0.4537
0.4832
0.454
0.4684
0.5985
0.4684
0.5985
0.5016
0.5979
0.4987
0.4537
0.9180
0.5573
0.9180
0.58
0.8128
0.5764
0.8128
0.5764
0.8770
0.5573
0.9180
0.5573
0.8930
0.4808
0.8974
0.4857
0.8871
0.5459
0.8871
0.5459
0.8770
0.5573
0.8930
0.4808
0.8770
0.5573
0.8871
0.5459
0.9114
0.5459
0.9114
0.5459
0.9180
0.5573
0.8770
0.5573
0.9180
0.5573
0.9114
0.5459
0.9151
0.4857
0.9151
0.4857
0.9180
0.4808
0.9180
0.5573
0.9180
0.4808
0.9151
0.4857
0.8974
0.4857
0.8974
0.4857
0.8930
0.4808
0.9180
0.4808
0.8974
0.4857
0.9013
0.4967
0.8941
0.5386
0.8941
0.5386
0.8871
0.5459
0.8974
0.4857
0.8871
0.5459
0.8941
0.5386
0.9062
0.5386
0.9062
0.5386
0.9114
0.5459
0.8871
0.5459
0.9114
0.5459
0.9062
0.5386
0.9097
0.4967
0.9097
0.4967
0.9151
0.4857
0.9114
0.5459
0.9151
0.4857
0.9097
0.4967
0.9013
0.4967
0.9013
0.4967
0.8974
0.4857
0.9151
0.4857
0.7451
0.9315
0.7737
0.909
0.9180
0.9588
0.9180
0.9588
0.9180
0.98
0.7451
0.9315
0.8128
0.5764
0.9180
0.58
0.8082
0.6061
0.8128
0.5764
0.8082
0.6061
0.6920
0.8078
0.6920
0.8078
0.6430
0.8213
0.8128
0.5764
0.6497
0.8615
0.6920
0.8078
0.7737
0.909
0.7737
0.909
0.7451
0.9315
0.6497
0.8615
0.8060
0.8858
0.9180
0.9519
0.9180
0.9588
0.9180
0.9588
0.7737
0.909
0.8060
0.8858
0.9180
0.6063
0.8090
0.669
0.8082
0.6061
0.8082
0.6061
0.9180
0.58
0.9180
0.6063
0.8090
0.669
0.7452
0.7791
0.6920
0.8078
0.6920
0.8078
0.8082
0.6061
0.8090
0.669
0.7452
0.7791
0.8060
0.8858
0.7737
0.909
0.7737
0.909
0.6920
0.8078
0.7452
0.7791
0.9180
0.6063
0.9327
0.6398
0.7935
0.7791
0.7935
0.7791
0.7452
0.7791
0.9180
0.6063
0.7452
0.7791
0.7935
0.7791
0.9327
0.9183
0.9327
0.9183
0.9180
0.9519
0.7452
0.7791
0.9316
0.651
0.9458
0.6731
0.8398
0.7791
0.8398
0.7791
0.8035
0.7791
0.9316
0.651
0.8035
0.7791
0.8398
0.7791
0.9458
0.885
0.9458
0.885
0.9316
0.9072
0.8035
0.7791
0.9435
0.6856
0.9605
0.7051
0.8865
0.7791
0.8865
0.7791
0.8500
0.7791
0.9435
0.6856
0.8500
0.7791
0.8865
0.7791
0.9605
0.8531
0.9605
0.8531
0.9435
0.8725
0.8500
0.7791
0.9611
0.7161
0.9611
0.7791
0.8982
0.7791
0.8982
0.7791
0.9611
0.7791
0.9611
0.842
0.9180
0.6063
0.7452
0.7791
0.8090
0.669
0.7452
0.7791
0.9180
0.9519
0.8060
0.8858
0.6497
0.8615
0.6430
0.8213
0.6920
0.8078
0.3364
0.5602
0.2398
0.7378
0.2221
0.7298
0.2221
0.7298
0.3141
0.5497
0.3364
0.5602
0.2398
0.7378
0.1447
0.9074
0.1308
0.9011
0.1308
0.9011
0.2221
0.7298
0.2398
0.7378
0.7862
0.4569
0.7173
0.4404
0.7173
0.4211
0.7173
0.4211
0.7862
0.4372
0.7862
0.4569
0.0966
0.9652
0.1308
0.9011
0.1447
0.9074
0.1447
0.9074
0.1082
0.9704
0.0966
0.9652
0.5027
0.9041
0.5075
0.8921
0.4349
0.8934
0.4349
0.8934
0.4222
0.9057
0.5027
0.9041
0.4222
0.9057
0.4349
0.8934
0.4521
0.7489
0.4521
0.7489
0.4404
0.753
0.4222
0.9057
0.4404
0.753
0.4521
0.7489
0.4684
0.5985
0.4684
0.5985
0.4576
0.5943
0.4404
0.753
0.4576
0.5943
0.4684
0.5985
0.4832
0.454
0.4832
0.454
0.4732
0.4418
0.4576
0.5943
0.9246
0.0348000000000001
0.9158
0.0505
0.8691
0.0641
0.8691
0.0641
0.8690
0.0478
0.9246
0.0348000000000001
0.5831
0.7606
0.5544
0.769
0.5544
0.7557
0.5544
0.7557
0.6075
0.7456
0.5831
0.7606
0.6592
0.7213
0.6365
0.7212
0.5995
0.617
0.5995
0.617
0.6151
0.5971
0.6592
0.7213
0.6151
0.5971
0.5995
0.617
0.5544
0.617
0.5544
0.617
0.5544
0.5971
0.6151
0.5971
0.5544
0.8203
0.5544
0.7847
0.6024
0.774
0.6024
0.774
0.6128
0.7967
0.5544
0.8203
0.6128
0.7967
0.6024
0.774
0.6213
0.7622
0.6213
0.7622
0.6393
0.775
0.6128
0.7967
0.6393
0.775
0.6213
0.7622
0.6365
0.7212
0.6365
0.7212
0.6592
0.7213
0.6393
0.775
0.5995
0.617
0.5808
0.6359
0.5544
0.6359
0.5544
0.6359
0.5544
0.617
0.5995
0.617
0.5544
0.7847
0.5544
0.769
0.5831
0.7606
0.5831
0.7606
0.6024
0.774
0.5544
0.7847
0.6024
0.774
0.5831
0.7606
0.6075
0.7456
0.6075
0.7456
0.6213
0.7622
0.6024
0.774
0.6195
0.7059
0.6101
0.7186
0.5544
0.7187
0.5544
0.7187
0.5544
0.706
0.6195
0.7059
0.5544
0.6788
0.6100
0.678
0.6006
0.6919
0.6006
0.6919
0.5544
0.6927
0.5544
0.6788
0.5997
0.6505
0.5903
0.6627
0.5544
0.662
0.5544
0.662
0.5544
0.6498
0.5997
0.6505
0.5544
0.7306
0.6135
0.7255
0.6041
0.7349
0.6041
0.7349
0.5544
0.74
0.5544
0.7306
0.5808
0.6359
0.5997
0.6505
0.5544
0.6498
0.5544
0.6498
0.5544
0.6359
0.5808
0.6359
0.6101
0.7186
0.6135
0.7255
0.5544
0.7306
0.5544
0.7306
0.5544
0.7187
0.6101
0.7186
0.6006
0.6919
0.6195
0.7059
0.5544
0.706
0.5544
0.706
0.5544
0.6927
0.6006
0.6919
0.5903
0.6627
0.6100
0.678
0.5544
0.6788
0.5544
0.6788
0.5544
0.662
0.5903
0.6627
0.6041
0.7349
0.6075
0.7456
0.5544
0.7557
0.5544
0.7557
0.5544
0.74
0.6041
0.7349
0.5997
0.6505
0.5808
0.6359
0.5995
0.617
0.6135
0.7255
0.6101
0.7186
0.6195
0.7059
0.6195
0.7059
0.6006
0.6919
0.6100
0.678
0.6100
0.678
0.5903
0.6627
0.5997
0.6505
0.6075
0.7456
0.6041
0.7349
0.6135
0.7255
0.6135
0.7255
0.6213
0.7622
0.6075
0.7456
0.6195
0.7059
0.6365
0.7212
0.6213
0.7622
0.6213
0.7622
0.6135
0.7255
0.6195
0.7059
0.6100
0.678
0.6365
0.7212
0.6195
0.7059
0.5997
0.6505
0.5995
0.617
0.6365
0.7212
0.6365
0.7212
0.6100
0.678
0.5997
0.6505
0.4732
0.4418
0.4786
0.4442
0.4913
0.444
0.4913
0.444
0.4933
0.4414
0.4732
0.4418
0.4933
0.4414
0.4913
0.444
0.4947
0.4502
0.4947
0.4502
0.4987
0.4537
0.4933
0.4414
0.4987
0.4537
0.4947
0.4502
0.4835
0.4504
0.4835
0.4504
0.4832
0.454
0.4987
0.4537
0.4832
0.454
0.4835
0.4504
0.4786
0.4442
0.4786
0.4442
0.4732
0.4418
0.4832
0.454
0.9493
0.0227000000000001
0.9246
0.0348000000000001
0.8690
0.0478
0.8690
0.0478
0.8482
0.0463
0.9493
0.0227000000000001
0.8482
0.0463
0.8690
0.0478
0.8691
0.0641
0.8691
0.0641
0.8483
0.076
0.8482
0.0463
0.8483
0.076
0.8691
0.0641
0.9158
0.0505
0.9158
0.0505
0.9332
0.0513
0.8483
0.076
0.9332
0.0513
0.9158
0.0505
0.9246
0.0348000000000001
0.9246
0.0348000000000001
0.9493
0.0227000000000001
0.9332
0.0513
0.7173
0.3639
0.5652
0.3473
0.5669
0.2489
0.5669
0.2489
0.7171
0.1988
0.7173
0.3639
0.5669
0.2489
0.5652
0.3473
0.4054
0.3259
0.4054
0.3259
0.4054
0.2149
0.5669
0.2489
0.4054
0.3259
0.2527
0.3091
0.2527
0.2494
0.2527
0.2494
0.4054
0.2149
0.4054
0.3259
0.2527
0.3091
0.1836
0.3018
0.1836
0.2679
0.1836
0.2679
0.2527
0.2494
0.2527
0.3091
0.1607
0.3834
0.3577
0.3834
0.2655
0.5617
0.2655
0.5617
0.1336
0.5481
0.1607
0.3834
0.1336
0.5481
0.2655
0.5617
0.1776
0.7342
0.1776
0.7342
0.1008
0.7212
0.1336
0.5481
0.1008
0.7212
0.1776
0.7342
0.0918
0.8996
0.0918
0.8996
0.0734
0.8866
0.1008
0.7212
0.0734
0.8866
0.0918
0.8996
0.0613
0.9614
0.4732
0.4418
0.4485
0.4306
0.3654
0.5842
0.3654
0.5842
0.4576
0.5943
0.4732
0.4418
0.4576
0.5943
0.3654
0.5842
0.2852
0.7441
0.2852
0.7441
0.4404
0.753
0.4576
0.5943
0.4404
0.753
0.2852
0.7441
0.2002
0.91
0.2002
0.91
0.4222
0.9057
0.4404
0.753
0.4732
0.4418
0.4811
0.3728
0.4762
0.3732
0.4762
0.3732
0.4485
0.4306
0.4732
0.4418
0.7803
0.5764
0.7001
0.5639
0.6749
0.5432
0.6749
0.5432
0.7286
0.539
0.7803
0.5764
0.7286
0.539
0.6749
0.5432
0.6704
0.5293
0.6704
0.5293
0.7241
0.5151
0.7286
0.539
0.7241
0.5151
0.6704
0.5293
0.6794
0.5139
0.6794
0.5139
0.7462
0.4773
0.7241
0.5151
0.7462
0.4773
0.6794
0.5139
0.5607
0.5497
0.5607
0.5497
0.5422
0.5403
0.7462
0.4773
0.5422
0.5403
0.5607
0.5497
0.5570
0.5578
0.5570
0.5578
0.5300
0.5668
0.5422
0.5403
0.5300
0.5668
0.5570
0.5578
0.7001
0.5639
0.7001
0.5639
0.7803
0.5764
0.5300
0.5668
0.7001
0.5639
0.6719
0.5574
0.6565
0.5447
0.6565
0.5447
0.6749
0.5432
0.7001
0.5639
0.6749
0.5432
0.6565
0.5447
0.6537
0.5362
0.6537
0.5362
0.6704
0.5293
0.6749
0.5432
0.6704
0.5293
0.6537
0.5362
0.6592
0.5267
0.6592
0.5267
0.6794
0.5139
0.6704
0.5293
0.6794
0.5139
0.6592
0.5267
0.5862
0.5487
0.5862
0.5487
0.5607
0.5497
0.6794
0.5139
0.5607
0.5497
0.5862
0.5487
0.5840
0.5536
0.5840
0.5536
0.5570
0.5578
0.5607
0.5497
0.5570
0.5578
0.5840
0.5536
0.6719
0.5574
0.6719
0.5574
0.7001
0.5639
0.5570
0.5578
0.8787
0.121
0.8947
0.1054
0.9209
0.1244
0.9209
0.1244
0.9074
0.1476
0.8787
0.121
0.8787
0.121
0.8628
0.1169
0.9044
0.0906
0.9044
0.0906
0.8947
0.1054
0.8787
0.121
0.8628
0.1169
0.8787
0.121
0.9074
0.1476
0.9074
0.1476
0.9003
0.1618
0.8628
0.1169
0.9209
0.1244
0.9368
0.1228
0.9003
0.1618
0.9003
0.1618
0.9074
0.1476
0.9209
0.1244
0.9368
0.1228
0.9209
0.1244
0.8947
0.1054
0.8947
0.1054
0.9044
0.0906
0.9368
0.1228
0.3364
0.5602
0.3907
0.4489
0.4350
0.3752
0.3141
0.5497
0.3759
0.4535
0.3907
0.4489
0.3907
0.4489
0.3364
0.5602
0.3141
0.5497
0.4350
0.3752
0.3907
0.4489
0.3932
0.4191
0.3932
0.4191
0.4076
0.3628
0.4350
0.3752
0.3759
0.4535
0.3141
0.5497
0.3814
0.4249
0.3932
0.4191
0.3814
0.4249
0.4076
0.3628
0.3814
0.4249
0.3141
0.5497
0.4076
0.3628
0.2661
0.0416
0.2740
0.0691000000000001
0.0318
0.1331
0.0318
0.1331
0.0255
0.1109
0.2661
0.0416
0.4965
0.021
0.5066
0.0786
0.2836
0.1046
0.2836
0.1046
0.2740
0.0691000000000001
0.4965
0.021
0.2740
0.0691000000000001
0.2836
0.1046
0.0318
0.1331
0.5204
0.0989
0.2942
0.2138
0.2786
0.1301
0.2786
0.1301
0.2942
0.2138
0.0308
0.1976
0.8554
0.1928
0.8667
0.1928
0.8667
0.3639
0.8667
0.3639
0.8554
0.3639
0.8554
0.1928
0.8554
0.3639
0.8667
0.3639
0.8720
0.3675
0.8720
0.3675
0.8554
0.3675
0.8554
0.3639
0.8554
0.3675
0.8720
0.3675
0.8720
0.4125
0.8720
0.4125
0.8554
0.4125
0.8554
0.3675
0.8554
0.4125
0.8720
0.4125
0.8749
0.4153
0.8749
0.4153
0.8554
0.4153
0.8554
0.4125
0.8554
0.4153
0.8749
0.4153
0.8749
0.4445
0.8749
0.4445
0.8554
0.4445
0.8554
0.4153
0.8554
0.4445
0.8749
0.4445
0.8685
0.4489
0.8685
0.4489
0.8554
0.4489
0.8554
0.4445
0.9485
0.447
0.9616
0.447
0.9616
0.4133
0.9616
0.4133
0.9485
0.4133
0.9485
0.447
0.9485
0.4133
0.9616
0.4133
0.9596
0.4105
0.9596
0.4105
0.9485
0.4105
0.9485
0.4133
0.9485
0.4105
0.9596
0.4105
0.9596
0.3653
0.9596
0.3653
0.9485
0.3653
0.9485
0.4105
0.9485
0.3653
0.9596
0.3653
0.9560
0.3617
0.9560
0.3617
0.9485
0.3617
0.9485
0.3653
0.9485
0.3617
0.9560
0.3617
0.9560
0.1899
0.9560
0.1899
0.9485
0.1899
0.9485
0.3617
0.9485
0.1899
0.9560
0.1899
0.9598
0.1899
0.9598
0.1899
0.9485
0.1899
0.9485
0.1899
0.8918
0.1928
0.9030
0.1928
0.9030
0.3639
0.9030
0.3639
0.8918
0.3639
0.8918
0.1928
0.8918
0.3639
0.9030
0.3639
0.9030
0.3675
0.9030
0.3675
0.8864
0.3675
0.8918
0.3639
0.8864
0.3675
0.9030
0.3675
0.9030
0.4125
0.9030
0.4125
0.8864
0.4125
0.8864
0.3675
0.8864
0.4125
0.9030
0.4125
0.9030
0.4153
0.9030
0.4153
0.8835
0.4153
0.8864
0.4125
0.8835
0.4153
0.9030
0.4153
0.9030
0.4445
0.9030
0.4445
0.8835
0.4445
0.8835
0.4153
0.8835
0.4445
0.9030
0.4445
0.9030
0.4489
0.9030
0.4489
0.8900
0.4489
0.8835
0.4445
0.9616
0.447
0.9485
0.447
0.9485
0.4133
0.9485
0.4133
0.9616
0.4133
0.9616
0.447
0.9616
0.4133
0.9485
0.4133
0.9485
0.4105
0.9485
0.4105
0.9596
0.4105
0.9616
0.4133
0.9596
0.4105
0.9485
0.4105
0.9485
0.3653
0.9485
0.3653
0.9596
0.3653
0.9596
0.4105
0.9596
0.3653
0.9485
0.3653
0.9485
0.3617
0.9485
0.3617
0.9560
0.3617
0.9596
0.3653
0.9560
0.3617
0.9485
0.3617
0.9485
0.1899
0.9485
0.1899
0.9560
0.1899
0.9560
0.3617
0.9560
0.1899
0.9485
0.1899
0.9485
0.1899
0.9485
0.1899
0.9598
0.1899
0.9560
0.1899
0.9030
0.1928
0.9143
0.1928
0.9143
0.3639
0.9143
0.3639
0.9030
0.3639
0.9030
0.1928
0.9030
0.3639
0.9143
0.3639
0.9197
0.3675
0.9197
0.3675
0.9030
0.3675
0.9030
0.3639
0.9030
0.3675
0.9197
0.3675
0.9197
0.4125
0.9197
0.4125
0.9030
0.4125
0.9030
0.3675
0.9030
0.4125
0.9197
0.4125
0.9226
0.4153
0.9226
0.4153
0.9030
0.4153
0.9030
0.4125
0.9030
0.4153
0.9226
0.4153
0.9226
0.4445
0.9226
0.4445
0.9030
0.4445
0.9030
0.4153
0.9030
0.4445
0.9226
0.4445
0.9161
0.4489
0.9161
0.4489
0.9030
0.4489
0.9030
0.4445
0.9485
0.447
0.9353
0.447
0.9353
0.4133
0.9353
0.4133
0.9485
0.4133
0.9485
0.447
0.9485
0.4133
0.9353
0.4133
0.9373
0.4105
0.9373
0.4105
0.9485
0.4105
0.9485
0.4133
0.9485
0.4105
0.9373
0.4105
0.9373
0.3653
0.9373
0.3653
0.9485
0.3653
0.9485
0.4105
0.9485
0.3653
0.9373
0.3653
0.9409
0.3617
0.9409
0.3617
0.9485
0.3617
0.9485
0.3653
0.9485
0.3617
0.9409
0.3617
0.9409
0.1899
0.9409
0.1899
0.9485
0.1899
0.9485
0.3617
0.9485
0.1899
0.9409
0.1899
0.9371
0.1899
0.9371
0.1899
0.9485
0.1899
0.9485
0.1899
0.8441
0.1928
0.8554
0.1928
0.8554
0.3639
0.8554
0.3639
0.8441
0.3639
0.8441
0.1928
0.8441
0.3639
0.8554
0.3639
0.8554
0.3675
0.8554
0.3675
0.8388
0.3675
0.8441
0.3639
0.8388
0.3675
0.8554
0.3675
0.8554
0.4125
0.8554
0.4125
0.8388
0.4125
0.8388
0.3675
0.8388
0.4125
0.8554
0.4125
0.8554
0.4153
0.8554
0.4153
0.8359
0.4153
0.8388
0.4125
0.8359
0.4153
0.8554
0.4153
0.8554
0.4445
0.8554
0.4445
0.8359
0.4445
0.8359
0.4153
0.8359
0.4445
0.8554
0.4445
0.8554
0.4489
0.8554
0.4489
0.8423
0.4489
0.8359
0.4445
0.9353
0.447
0.9485
0.447
0.9485
0.4133
0.9485
0.4133
0.9353
0.4133
0.9353
0.447
0.9353
0.4133
0.9485
0.4133
0.9485
0.4105
0.9485
0.4105
0.9373
0.4105
0.9353
0.4133
0.9373
0.4105
0.9485
0.4105
0.9485
0.3653
0.9485
0.3653
0.9373
0.3653
0.9373
0.4105
0.9373
0.3653
0.9485
0.3653
0.9485
0.3617
0.9485
0.3617
0.9409
0.3617
0.9373
0.3653
0.9409
0.3617
0.9485
0.3617
0.9485
0.1899
0.9485
0.1899
0.9409
0.1899
0.9409
0.3617
0.9409
0.1899
0.9485
0.1899
0.9485
0.1899
0.9485
0.1899
0.9371
0.1899
0.9409
0.1899
0.6500
0.0138
0.6550
0.0137
0.6553
0.0301
0.6553
0.0301
0.6465
0.0303
0.6500
0.0138
0.6229
0.1046
0.6264
0.1008
0.5834
0.0578
0.5834
0.0578
0.5761
0.0578
0.6229
0.1046
0.5761
0.0578
0.5834
0.0578
0.6264
0.0148
0.6264
0.0148
0.6229
0.011
0.5761
0.0578
0.6229
0.0934
0.6264
0.0891999999999999
0.5951
0.0578
0.5951
0.0578
0.5873
0.0578
0.6229
0.0934
0.5873
0.0578
0.5951
0.0578
0.6264
0.0264
0.6264
0.0264
0.6229
0.0222
0.5873
0.0578
0.6229
0.0827
0.6264
0.0789
0.6053
0.0578
0.6053
0.0578
0.5980
0.0578
0.6229
0.0827
0.5980
0.0578
0.6053
0.0578
0.6264
0.0367
0.6264
0.0367
0.6229
0.033
0.5980
0.0578
0.6706
0.0241
0.6661
0.1076
0.6574
0.0387
0.6574
0.0387
0.6661
0.1076
0.6610
0.1054
0.6610
0.1054
0.6487
0.0412
0.6574
0.0387
0.6487
0.0412
0.6610
0.1054
0.6390
0.0359