-6.0645
-16.84008
-4.51376
-5.37602
-12.24314
-4.2075
1e-005
-12.26817
-5.76656
1e-005
-12.26817
-5.76656
1e-005
-16.86737
-6.21331
-6.0645
-16.84008
-4.51376
0
-12.22042
10.4017
-0.8622
-12.22042
10.40166
-0.87786
-16.81185
11.10006
-0.87786
-16.81185
11.10006
0
-16.81185
11.10006
0
-12.22042
10.4017
-1.0521
23.23353
-1.14297
-0.72314
23.26115
-1.35645
-1.3457
18.66235
-1.77838
-1.3457
18.66235
-1.77838
-1.77714
18.64212
-1.41213
-1.0521
23.23353
-1.14297
-0.75151
23.23353
1.0615
-1.29786
23.23353
-0.47825
-2.1203
18.6421
-0.40735
-2.1203
18.6421
-0.40735
-0.76717
18.6421
2.16733
-0.75151
23.23353
1.0615
1e-005
23.23353
1.06149
-0.75151
23.23353
1.0615
-0.76717
18.6421
2.16733
-0.76717
18.6421
2.16733
1e-005
18.6421
2.16729
1e-005
23.23353
1.06149
-3.89421
8.49335
-1.80987
-2.59449
8.49833
-2.64852
-3.95744
-2.08092
-3.45002
-3.95744
-2.08092
-3.45002
-6.20698
-2.07167
-2.0265
-3.89421
8.49335
-1.80987
-6.20698
-2.07167
-2.0265
-3.95744
-2.08092
-3.45002
-5.37602
-12.24314
-4.2075
-5.37602
-12.24314
-4.2075
-8.4386
-12.22041
-2.24507
-6.20698
-2.07167
-2.0265
0
-12.22042
10.4017
1e-005
-2.07167
7.0626
-0.83095
-2.07167
7.06259
-0.83095
-2.07167
7.06259
-0.8622
-12.22042
10.40166
0
-12.22042
10.4017
-1.77714
18.64212
-1.41213
-1.3457
18.66235
-1.77838
-2.59449
8.49833
-2.64852
-2.59449
8.49833
-2.64852
-3.89421
8.49335
-1.80987
-1.77714
18.64212
-1.41213
-0.79842
8.49335
4.263
-0.76717
18.6421
2.16733
-2.1203
18.6421
-0.40735
-2.1203
18.6421
-0.40735
-4.14866
8.49335
-0.40238
-0.79842
8.49335
4.263
1e-005
8.49335
4.26299
1e-005
18.6421
2.16729
-0.76717
18.6421
2.16733
-0.76717
18.6421
2.16733
-0.79842
8.49335
4.263
1e-005
8.49335
4.26299
-3.25477
-12.22041
7.64916
-3.68791
-16.81184
7.74742
-1.43903
-16.81184
8.4161
-1.43903
-16.81184
8.4161
-1.29768
-12.22042
8.18435
-3.25477
-12.22041
7.64916
-1.29768
-12.22042
8.18435
-0.8622
-12.22042
10.40166
-0.83095
-2.07167
7.06259
-1.29768
-12.22042
8.18435
-1.43903
-16.81184
8.4161
-0.87786
-16.81185
11.10006
-0.87786
-16.81185
11.10006
-0.8622
-12.22042
10.40166
-1.29768
-12.22042
8.18435
-3.28585
-2.23821
4.64853
-0.79842
8.49335
4.263
-4.14866
8.49335
-0.40238
-4.14866
8.49335
-0.40238
-6.51557
-2.09151
-0.59963
-3.28585
-2.23821
4.64853
-3.25477
-12.22041
7.64916
-3.28585
-2.23821
4.64853
-6.51557
-2.09151
-0.59963
-6.51557
-2.09151
-0.59963
-8.70648
-12.22041
-0.82896
-3.25477
-12.22041
7.64916
-3.68791
-16.81184
7.74742
-3.25477
-12.22041
7.64916
-8.70648
-12.22041
-0.82896
-8.70648
-12.22041
-0.82896
-9.64468
-16.81184
-0.93377
-3.68791
-16.81184
7.74742
-3.25477
-12.22041
7.64916
-2.11157
-2.07166
6.7724
-2.16703
-2.09411
6.67895
-2.16703
-2.09411
6.67895
-3.20169
-11.28907
7.47279
-3.25477
-12.22041
7.64916
-2.11157
-2.07166
6.7724
-0.79842
8.49335
4.263
-0.97147
7.52483
4.39427
-0.97147
7.52483
4.39427
-2.16703
-2.09411
6.67895
-2.11157
-2.07166
6.7724
-0.79842
8.49335
4.263
-3.28585
-2.23821
4.64853
-3.23077
-2.21307
4.74503
-3.23077
-2.21307
4.74503
-0.97147
7.52483
4.39427
-0.79842
8.49335
4.263
-3.28585
-2.23821
4.64853
-3.25477
-12.22041
7.64916
-3.20169
-11.28907
7.47279
-3.20169
-11.28907
7.47279
-3.23077
-2.21307
4.74503
-3.28585
-2.23821
4.64853
-3.20169
-11.28907
7.47279
-2.16703
-2.09411
6.67895
-2.07209
-2.13475
6.63519
-2.07209
-2.13475
6.63519
-3.10674
-11.32971
7.42903
-3.20169
-11.28907
7.47279
-2.16703
-2.09411
6.67895
-0.97147
7.52483
4.39427
-0.87653
7.48419
4.35051
-0.87653
7.48419
4.35051
-2.07209
-2.13475
6.63519
-2.16703
-2.09411
6.67895
-0.97147
7.52483
4.39427
-3.23077
-2.21307
4.74503
-3.13583
-2.2537
4.70127
-3.13583
-2.2537
4.70127
-0.87653
7.48419
4.35051
-0.97147
7.52483
4.39427
-3.23077
-2.21307
4.74503
-3.20169
-11.28907
7.47279
-3.10674
-11.32971
7.42903
-3.10674
-11.32971
7.42903
-3.13583
-2.2537
4.70127
-3.23077
-2.21307
4.74503
1e-005
8.49335
4.26299
-0.79842
8.49335
4.263
-0.73119
8.3928
4.30488
-0.73119
8.3928
4.30488
1e-005
8.38447
4.29184
1e-005
8.49335
4.26299
-0.79842
8.49335
4.263
-2.11157
-2.07166
6.7724
-2.03329
-2.08287
6.79321
-2.03329
-2.08287
6.79321
-0.73119
8.3928
4.30488
-0.79842
8.49335
4.263
-2.11157
-2.07166
6.7724
-3.25477
-12.22041
7.64916
-3.16221
-12.10489
7.65905
-3.16221
-12.10489
7.65905
-2.03329
-2.08287
6.79321
-2.11157
-2.07166
6.7724
-3.25477
-12.22041
7.64916
-1.29768
-12.22042
8.18435
-1.37132
-12.1041
8.15177
-1.37132
-12.1041
8.15177
-3.16221
-12.10489
7.65905
-3.25477
-12.22041
7.64916
-1.29768
-12.22042
8.18435
-0.83095
-2.07167
7.06259
-0.90138
-1.97246
7.01862
-0.90138
-1.97246
7.01862
-1.37132
-12.1041
8.15177
-1.29768
-12.22042
8.18435
-0.83095
-2.07167
7.06259
1e-005
-2.07167
7.0626
1e-005
-1.96278
7.03375
1e-005
-1.96278
7.03375
-0.90138
-1.97246
7.01862
-0.83095
-2.07167
7.06259
1e-005
8.38447
4.29184
-0.73119
8.3928
4.30488
-0.71189
8.34859
4.20896
-0.71189
8.34859
4.20896
1e-005
8.34025
4.19592
1e-005
8.38447
4.29184
-0.73119
8.3928
4.30488
-2.03329
-2.08287
6.79321
-2.01399
-2.12709
6.69729
-2.01399
-2.12709
6.69729
-0.71189
8.34859
4.20896
-0.73119
8.3928
4.30488
-2.03329
-2.08287
6.79321
-3.16221
-12.10489
7.65905
-3.14291
-12.1491
7.56312
-3.14291
-12.1491
7.56312
-2.01399
-2.12709
6.69729
-2.03329
-2.08287
6.79321
-3.16221
-12.10489
7.65905
-1.37132
-12.1041
8.15177
-1.35202
-12.14831
8.05585
-1.35202
-12.14831
8.05585
-3.14291
-12.1491
7.56312
-3.16221
-12.10489
7.65905
-1.37132
-12.1041
8.15177
-0.90138
-1.97246
7.01862
-0.88208
-2.01668
6.92269
-0.88208
-2.01668
6.92269
-1.35202
-12.14831
8.05585
-1.37132
-12.1041
8.15177
-0.90138
-1.97246
7.01862
1e-005
-1.96278
7.03375
1e-005
-2.00699
6.93782
1e-005
-2.00699
6.93782
-0.88208
-2.01668
6.92269
-0.90138
-1.97246
7.01862
-6.0645
-16.84008
-4.51376
-9.4075
-16.81184
-2.34325
-8.4386
-12.22041
-2.24507
-8.4386
-12.22041
-2.24507
-5.37602
-12.24314
-4.2075
-6.0645
-16.84008
-4.51376
1e-005
23.25647
-1.6481
1e-005
18.65727
-2.09485
-1.3457
18.66235
-1.77838
-1.3457
18.66235
-1.77838
-0.72314
23.26115
-1.35645
1e-005
23.25647
-1.6481
1e-005
8.47917
-3.77204
1e-005
-1.80878
-4.99351
-3.59868
-1.79148
-3.91564
-3.59868
-1.79148
-3.91564
-2.27418
8.48937
-3.13675
1e-005
8.47917
-3.77204
1e-005
-1.80878
-4.99351
1e-005
-11.69139
-6.16685
-4.97725
-11.66707
-4.65176
-4.97725
-11.66707
-4.65176
-3.59868
-1.79148
-3.91564
1e-005
-1.80878
-4.99351
1e-005
18.36178
-2.5987
1e-005
8.47917
-3.77204
-2.27418
8.48937
-3.13675
-2.27418
8.48937
-3.13675
-1.06061
18.3667
-2.29116
1e-005
18.36178
-2.5987
-0.72399
-15.35335
10.51048
-1.21292
-15.35334
8.58885
-0.10074
-15.35334
8.58885
-0.10074
-15.35334
8.58885
-0.10074
-15.35335
10.51048
-0.72399
-15.35335
10.51048
0
-16.81184
8.4161
-1.43903
-16.81184
8.4161
-3.68791
-16.81184
7.74742
-3.68791
-16.81184
7.74742
0
-17.37931
7.5274
0
-16.81184
8.4161
-0.87786
-16.81185
11.10006
-1.43903
-16.81184
8.4161
-1.21292
-16.81184
8.58885
-1.21292
-16.81184
8.58885
-0.72399
-16.81185
10.92731
-0.87786
-16.81185
11.10006
-1.43903
-16.81184
8.4161
0
-16.81184
8.4161
-0.10074
-16.81184
8.58885
-0.10074
-16.81184
8.58885
-1.21292
-16.81184
8.58885
-1.43903
-16.81184
8.4161
0
-16.81184
8.4161
0
-16.81185
11.10006
-0.10074
-16.81185
10.92732
-0.10074
-16.81185
10.92732
-0.10074
-16.81184
8.58885
0
-16.81184
8.4161
0
-16.81185
11.10006
-0.87786
-16.81185
11.10006
-0.72399
-16.81185
10.92731
-0.72399
-16.81185
10.92731
-0.10074
-16.81185
10.92732
0
-16.81185
11.10006
-0.72399
-16.81185
10.92731
-1.21292
-16.81184
8.58885
-1.21292
-15.35334
8.58885
-1.21292
-15.35334
8.58885
-0.72399
-15.35335
10.51048
-0.72399
-16.81185
10.92731
-1.21292
-16.81184
8.58885
-0.10074
-16.81184
8.58885
-0.10074
-15.35334
8.58885
-0.10074
-15.35334
8.58885
-1.21292
-15.35334
8.58885
-1.21292
-16.81184
8.58885
-0.10074
-16.81184
8.58885
-0.10074
-16.81185
10.92732
-0.10074
-15.35335
10.51048
-0.10074
-15.35335
10.51048
-0.10074
-15.35334
8.58885
-0.10074
-16.81184
8.58885
-0.10074
-16.81185
10.92732
-0.72399
-16.81185
10.92731
-0.72399
-15.35335
10.51048
-0.72399
-15.35335
10.51048
-0.10074
-15.35335
10.51048
-0.10074
-16.81185
10.92732
-6.0645
-16.84008
-4.51376
1e-005
-16.86737
-6.21331
1e-005
-17.37932
-5.6937
1e-005
-17.37932
-5.6937
-5.06152
-17.37931
-4.00722
-6.0645
-16.84008
-4.51376
-3.68791
-16.81184
7.74742
-3.84912
-17.3793
6.61549
0
-17.37931
7.5274
-3.68791
-16.81184
7.74742
-9.64468
-16.81184
-0.93377
-7.92529
-17.37931
-0.45992
-7.92529
-17.37931
-0.45992
-3.84912
-17.3793
6.61549
-3.68791
-16.81184
7.74742
-9.4075
-16.81184
-2.34325
-6.0645
-16.84008
-4.51376
-5.06152
-17.37931
-4.00722
-5.06152
-17.37931
-4.00722
-7.92529
-17.37931
-0.45992
-9.4075
-16.81184
-2.34325
-3.92599
-16.45846
-3.19495
-5.06152
-17.37931
-4.00722
1e-005
-17.37932
-5.6937
1e-005
-17.37932
-5.6937
1e-005
-16.09389
-5.5117
-3.92599
-16.45846
-3.19495
0
-16.09389
6.60807
0
-17.37931
7.5274
-3.84912
-17.3793
6.61549
-3.84912
-17.3793
6.61549
-3.82241
-16.45846
4.40841
0
-16.09389
6.60807
-3.82241
-16.45846
4.40841
-3.84912
-17.3793
6.61549
-7.92529
-17.37931
-0.45992
-7.92529
-17.37931
-0.45992
-6.05988
-16.09388
0.54818
-3.82241
-16.45846
4.40841
-6.05988
-16.09388
0.54818
-7.92529
-17.37931
-0.45992
-5.06152
-17.37931
-4.00722
-5.06152
-17.37931
-4.00722
-3.92599
-16.45846
-3.19495
-6.05988
-16.09388
0.54818
0
-16.09389
6.60807
-6.05988
-16.09388
0.54818
-4.8827
-18.33505
0.54818
-4.8827
-18.33505
0.54818
0
-18.33506
5.43088
0
-16.09389
6.60807
-6.05988
-16.09388
0.54818
1e-005
-16.09389
-5.5117
1e-005
-18.33505
-4.33451
1e-005
-18.33505
-4.33451
-4.8827
-18.33505
0.54818
-6.05988
-16.09388
0.54818
0
-16.09139
5.03978
-4.49159
-16.09138
0.54818
-3.71509
-19.74456
0.54818
-3.71509
-19.74456
0.54818
0
-19.74457
4.26327
0
-16.09139
5.03978
-4.49159
-16.09138
0.54818
1e-005
-16.09139
-3.94341
0
-19.74457
-3.16691
0
-19.74457
-3.16691
-3.71509
-19.74456
0.54818
-4.49159
-16.09138
0.54818
0
-16.09139
3.82568
-3.27749
-16.09139
0.54818
-2.59432
-21.27058
0.54818
-2.59432
-21.27058
0.54818
0
-21.27059
3.1425
0
-16.09139
3.82568
-3.27749
-16.09139
0.54818
1e-005
-16.09139
-2.72931
0
-21.27058
-2.04613
0
-21.27058
-2.04613
-2.59432
-21.27058
0.54818
-3.27749
-16.09139
0.54818
0
-16.09139
2.75511
-2.20692
-16.09139
0.54818
0
-23.5371
0.54818
-2.20692
-16.09139
0.54818
0
-16.09139
-1.65874
0
-23.5371
0.54818
0
-16.09389
6.60807
-3.82241
-16.45846
4.40841
-6.05988
-16.09388
0.54818
-6.05988
-16.09388
0.54818
-3.92599
-16.45846
-3.19495
1e-005
-16.09389
-5.5117
-9.4075
-16.81184
-2.34325
-7.92529
-17.37931
-0.45992
-9.64468
-16.81184
-0.93377
-3.89421
8.49335
-1.80987
-4.14866
8.49335
-0.40238
-2.1203
18.6421
-0.40735
-2.1203
18.6421
-0.40735
-1.77714
18.64212
-1.41213
-3.89421
8.49335
-1.80987
-8.4386
-12.22041
-2.24507
-8.70648
-12.22041
-0.82896
-6.51557
-2.09151
-0.59963
-6.51557
-2.09151
-0.59963
-6.20698
-2.07167
-2.0265
-8.4386
-12.22041
-2.24507
-9.4075
-16.81184
-2.34325
-9.64468
-16.81184
-0.93377
-8.70648
-12.22041
-0.82896
-8.70648
-12.22041
-0.82896
-8.4386
-12.22041
-2.24507
-9.4075
-16.81184
-2.34325
-1.29786
23.23353
-0.47825
-1.0521
23.23353
-1.14297
-1.77714
18.64212
-1.41213
-1.77714
18.64212
-1.41213
-2.1203
18.6421
-0.40735
-1.29786
23.23353
-0.47825
1e-005
-12.26817
-5.76656
-5.37602
-12.24314
-4.2075
-4.97725
-11.66707
-4.65176
-4.97725
-11.66707
-4.65176
1e-005
-11.69139
-6.16685
1e-005
-12.26817
-5.76656
-5.37602
-12.24314
-4.2075
-3.95744
-2.08092
-3.45002
-3.59868
-1.79148
-3.91564
-3.59868
-1.79148
-3.91564
-4.97725
-11.66707
-4.65176
-5.37602
-12.24314
-4.2075
-3.95744
-2.08092
-3.45002
-2.59449
8.49833
-2.64852
-2.27418
8.48937
-3.13675
-2.27418
8.48937
-3.13675
-3.59868
-1.79148
-3.91564
-3.95744
-2.08092
-3.45002
-2.59449
8.49833
-2.64852
-1.3457
18.66235
-1.77838
-1.06061
18.3667
-2.29116
-1.06061
18.3667
-2.29116
-2.27418
8.48937
-3.13675
-2.59449
8.49833
-2.64852
-1.14917
18.21306
-1.91506
-0.10993
18.2053
-2.15836
-0.11043
18.03444
-2.46292
-0.11043
18.03444
-2.46292
-0.98433
18.03555
-2.20867
-1.14917
18.21306
-1.91506
-0.59444
22.90055
-1.1314
-0.82909
23.42136
-0.98479
1e-005
23.42136
-1.14298
1e-005
23.42136
-1.14298
1e-005
22.90055
-1.26376
-0.59444
22.90055
-1.1314
-1.29786
23.23353
-0.47825
-0.75151
23.23353
1.0615
-0.55871
23.53709
0.81486
-0.55871
23.53709
0.81486
-1.01697
23.5371
-0.47664
-1.29786
23.23353
-0.47825
-0.75151
23.23353
1.0615
1e-005
23.23353
1.06149
1e-005
23.5371
0.81485
1e-005
23.5371
0.81485
-0.55871
23.53709
0.81486
-0.75151
23.23353
1.0615
1e-005
23.25647
-1.6481
-0.72314
23.26115
-1.35645
-0.59444
23.5371
-1.1314
-0.59444
23.5371
-1.1314
1e-005
23.5371
-1.26376
1e-005
23.25647
-1.6481
-0.72314
23.26115
-1.35645
-1.0521
23.23353
-1.14297
-0.82909
23.5371
-0.98479
-0.82909
23.5371
-0.98479
-0.59444
23.5371
-1.1314
-0.72314
23.26115
-1.35645
-1.0521
23.23353
-1.14297
-1.29786
23.23353
-0.47825
-1.01697
23.5371
-0.47664
-1.01697
23.5371
-0.47664
-0.82909
23.5371
-0.98479
-1.0521
23.23353
-1.14297
-0.55871
23.53709
0.81486
1e-005
23.5371
0.81485
1e-005
22.90055
0.81485
1e-005
22.90055
0.81485
-0.5587
22.90054
0.81486
-0.55871
23.53709
0.81486
1e-005
23.5371
-1.26376
-0.59444
23.5371
-1.1314
-0.59444
22.90055
-1.1314
-0.59444
22.90055
-1.1314
1e-005
22.90055
-1.26376
1e-005
23.5371
-1.26376
-0.59444
23.5371
-1.1314
-0.82909
23.5371
-0.98479
-0.82909
23.42136
-0.98479
-0.82909
23.42136
-0.98479
-0.59444
22.90055
-1.1314
-0.59444
23.5371
-1.1314
-1.01696
23.42136
-0.47664
1e-005
23.42136
-0.47826
1e-005
22.9143
-0.47826
1e-005
22.9143
-0.47826
-1.01696
22.9143
-0.47664
-1.01696
23.42136
-0.47664
1e-005
23.42136
-0.07126
1e-005
22.9143
-0.07126
-0.86859
22.91429
-0.05848
-0.86859
22.91429
-0.05848
-0.86859
23.42135
-0.05848
1e-005
23.42136
-0.07126
-0.70708
23.42135
0.39669
1e-005
23.42136
0.40786
1e-005
22.9143
0.40786
1e-005
22.9143
0.40786
-0.70708
22.91429
0.39669
-0.70708
23.42135
0.39669
1e-005
23.42136
-0.81062
1e-005
22.9143
-0.81062
-0.92303
22.9143
-0.73071
-0.92303
22.9143
-0.73071
-0.92303
23.42136
-0.73071
1e-005
23.42136
-0.81062
-0.5587
22.90054
0.81486
1e-005
22.90055
0.81485
1e-005
23.42136
0.40786
1e-005
23.42136
0.40786
-0.70708
23.42135
0.39669
-0.5587
22.90054
0.81486
-1.01696
22.9143
-0.47664
1e-005
22.9143
-0.47826
1e-005
23.42136
-0.81062
1e-005
23.42136
-0.81062
-0.92303
23.42136
-0.73071
-1.01696
22.9143
-0.47664
-0.86859
22.91429
-0.05848
1e-005
22.9143
-0.07126
1e-005
23.42136
-0.47826
1e-005
23.42136
-0.47826
-1.01696
23.42136
-0.47664
-0.86859
22.91429
-0.05848
-0.70708
22.91429
0.39669
1e-005
22.9143
0.40786
1e-005
23.42136
-0.07126
1e-005
23.42136
-0.07126
-0.86859
23.42135
-0.05848
-0.70708
22.91429
0.39669
-0.92303
22.9143
-0.73071
1e-005
22.9143
-0.81062
1e-005
23.42136
-1.14298
1e-005
23.42136
-1.14298
-0.82909
23.42136
-0.98479
-0.92303
22.9143
-0.73071
-0.70708
23.42135
0.39669
-0.55871
23.53709
0.81486
-0.5587
22.90054
0.81486
-0.92303
23.42136
-0.73071
-1.01696
23.42136
-0.47664
-1.01696
22.9143
-0.47664
-1.01696
23.42136
-0.47664
-0.86859
23.42135
-0.05848
-0.86859
22.91429
-0.05848
-0.86859
23.42135
-0.05848
-0.70708
23.42135
0.39669
-0.70708
22.91429
0.39669
-0.82909
23.42136
-0.98479
-0.92303
23.42136
-0.73071
-0.92303
22.9143
-0.73071
-0.92303
23.42136
-0.73071
-0.82909
23.42136
-0.98479
-0.82909
23.5371
-0.98479
-1.01696
23.42136
-0.47664
-0.92303
23.42136
-0.73071
-0.82909
23.5371
-0.98479
-0.82909
23.5371
-0.98479
-1.01697
23.5371
-0.47664
-1.01696
23.42136
-0.47664
-0.86859
23.42135
-0.05848
-1.01696
23.42136
-0.47664
-1.01697
23.5371
-0.47664
-0.70708
23.42135
0.39669
-0.86859
23.42135
-0.05848
-1.01697
23.5371
-0.47664
-1.01697
23.5371
-0.47664
-0.55871
23.53709
0.81486
-0.70708
23.42135
0.39669
-1.3457
18.66235
-1.77838
1e-005
18.65727
-2.09485
-0.10896
18.596
-2.16521
-0.10896
18.596
-2.16521
-1.1482
18.60375
-1.92192
-1.3457
18.66235
-1.77838
1e-005
18.65727
-2.09485
1e-005
18.36178
-2.5987
-0.10947
18.42514
-2.46977
-0.10947
18.42514
-2.46977
-0.10896
18.596
-2.16521
1e-005
18.65727
-2.09485
1e-005
18.36178
-2.5987
-1.06061
18.3667
-2.29116
-0.98336
18.42625
-2.21553
-0.98336
18.42625
-2.21553
-0.10947
18.42514
-2.46977
1e-005
18.36178
-2.5987
-1.06061
18.3667
-2.29116
-1.3457
18.66235
-1.77838
-1.1482
18.60375
-1.92192
-1.1482
18.60375
-1.92192
-0.98336
18.42625
-2.21553
-1.06061
18.3667
-2.29116
-1.1482
18.60375
-1.92192
-0.10896
18.596
-2.16521
-0.10993
18.2053
-2.15836
-0.10993
18.2053
-2.15836
-1.14917
18.21306
-1.91506
-1.1482
18.60375
-1.92192
-0.10896
18.596
-2.16521
-0.10947
18.42514
-2.46977
-0.11043
18.03444
-2.46292
-0.11043
18.03444
-2.46292
-0.10993
18.2053
-2.15836
-0.10896
18.596
-2.16521
-0.10947
18.42514
-2.46977
-0.98336
18.42625
-2.21553
-0.98433
18.03555
-2.20867
-0.98433
18.03555
-2.20867
-0.11043
18.03444
-2.46292
-0.10947
18.42514
-2.46977
-0.98336
18.42625
-2.21553
-1.1482
18.60375
-1.92192
-1.14917
18.21306
-1.91506
-1.14917
18.21306
-1.91506
-0.98433
18.03555
-2.20867
-0.98336
18.42625
-2.21553
-3.89421
8.49335
-1.80987
-6.20698
-2.07167
-2.0265
-6.16666
-1.61513
-1.70962
-6.16666
-1.61513
-1.70962
-4.72003
4.9956
-1.615
-3.89421
8.49335
-1.80987
-6.20698
-2.07167
-2.0265
-6.51557
-2.09151
-0.59963
-6.35108
-1.62239
-0.89843
-6.35108
-1.62239
-0.89843
-6.16666
-1.61513
-1.70962
-6.20698
-2.07167
-2.0265
-6.51557
-2.09151
-0.59963
-4.14866
8.49335
-0.40238
-4.85447
4.99149
-0.82116
-4.85447
4.99149
-0.82116
-6.35108
-1.62239
-0.89843
-6.51557
-2.09151
-0.59963
-4.14866
8.49335
-0.40238
-3.89421
8.49335
-1.80987
-4.72003
4.9956
-1.615
-4.72003
4.9956
-1.615
-4.85447
4.99149
-0.82116
-4.14866
8.49335
-0.40238
-4.72003
4.9956
-1.615
-6.16666
-1.61513
-1.70962
-13.24832
-0.60794
-1.88261
-13.24832
-0.60794
-1.88261
-13.16098
6.23854
-2.48981
-4.72003
4.9956
-1.615
-6.16666
-1.61513
-1.70962
-6.35108
-1.62239
-0.89843
-11.82691
-1.19803
-1.04529
-11.82691
-1.19803
-1.04529
-13.24832
-0.60794
-1.88261
-6.16666
-1.61513
-1.70962
-6.35108
-1.62239
-0.89843
-4.85447
4.99149
-0.82116
-10.67908
6.83934
-1.4344
-10.67908
6.83934
-1.4344
-11.82691
-1.19803
-1.04529
-6.35108
-1.62239
-0.89843
-4.85447
4.99149
-0.82116
-4.72003
4.9956
-1.615
-13.16098
6.23854
-2.48981
-13.16098
6.23854
-2.48981
-10.67908
6.83934
-1.4344
-4.85447
4.99149
-0.82116
-13.832
15.60549
0
-8.43468
11.28751
0
-8.54284
10.07377
-0.59162
-8.54284
10.07377
-0.59162
-13.83201
10.32973
-2.38015
-13.832
15.60549
0
-13.83201
10.32973
-2.38015
-19.12117
10.07378
-0.59162
-19.22932
11.28753
0
-19.22932
11.28753
0
-13.832
15.60549
0
-13.83201
10.32973
-2.38015
-13.83201
10.32973
2.38015
-8.54285
10.07377
0.59162
-8.43468
11.28751
0
-8.43468
11.28751
0
-13.832
15.60549
0
-13.83201
10.32973
2.38015
-13.832
15.60549
0
-19.22932
11.28753
0
-19.12118
10.07378
0.59163
-19.12118
10.07378
0.59163
-13.83201
10.32973
2.38015
-13.832
15.60549
0
-13.832
13.0928
3.49592
-21.88438
13.0928
0.21733
-20.03274
7.46244
0.29211
-20.03274
7.46244
0.29211
-13.83201
7.9214
2.86802
-13.832
13.0928
3.49592
-14.50327
13.0928
-3.22261
-14.48623
8.08084
-2.74681
-20.04395
7.4794
-0.16987
-20.04395
7.4794
-0.16987
-21.88438
13.0928
-0.21734
-14.50327
13.0928
-3.22261
-13.16073
13.0928
-3.22261
-5.77963
13.09279
-0.21733
-7.62006
7.47942
-0.16986
-7.62006
7.47942
-0.16986
-13.17779
8.08084
-2.74681
-13.16073
13.0928
-3.22261
-13.832
13.0928
3.49592
-13.83201
7.9214
2.86802
-7.63128
7.46246
0.29212
-7.63128
7.46246
0.29212
-5.77963
13.09279
0.21734
-13.832
13.0928
3.49592
-13.83204
-10.12084
0.50997
-14.09327
-10.10355
0.41174
-14.34077
-9.9953
-0.02897
-14.34077
-9.9953
-0.02897
-14.07216
-9.90842
-0.69547
-13.59194
-9.90839
-0.69547
-13.83204
-10.12084
0.50997
-14.34077
-9.9953
-0.02897
-13.59194
-9.90839
-0.69547
-13.59194
-9.90839
-0.69547
-13.32333
-9.99525
-0.02896
-13.57084
-10.10352
0.41176
-13.83204
-10.12084
0.50997
-13.59194
-9.90839
-0.69547
-13.57084
-10.10352
0.41176
-14.1723
-10.50911
0.49951
-13.83203
-10.53165
0.62746
-13.83202
-8.45727
0.87933
-13.83202
-8.45727
0.87933
-15.10865
-7.88859
0.44127
-14.1723
-10.50911
0.49951
-14.31924
-8.16541
-1.0683
-14.1484
-10.28207
-0.78806
-14.4605
-10.38798
-0.01402
-14.4605
-10.38798
-0.01402
-15.24635
-7.80521
-0.13073
-14.31924
-8.16541
-1.0683
-13.20358
-10.38792
-0.01401
-13.51566
-10.28204
-0.78805
-13.34482
-8.1654
-1.06829
-13.34482
-8.1654
-1.06829
-12.41773
-7.80517
-0.13072
-13.20358
-10.38792
-0.01401
-13.83202
-8.45727
0.87933
-13.83203
-10.53165
0.62746
-13.49178
-10.50908
0.49952
-13.49178
-10.50908
0.49952
-12.55542
-7.88856
0.44128
-13.83202
-8.45727
0.87933
-20.03274
7.46244
0.29211
-16.96243
-1.99802
0.40011
-13.83202
-2.26324
1.63141
-13.83202
-2.26324
1.63141
-13.83201
7.9214
2.86802
-20.03274
7.46244
0.29211
-14.48623
8.08084
-2.74681
-14.43782
-2.08599
-1.7419
-17.01661
-1.97361
-0.11465
-17.01661
-1.97361
-0.11465
-20.04395
7.4794
-0.16987
-14.48623
8.08084
-2.74681
-13.83201
7.9214
2.86802
-13.83202
-2.26324
1.63141
-10.70163
-1.99798
0.40013
-10.70163
-1.99798
0.40013
-7.63128
7.46246
0.29212
-13.83201
7.9214
2.86802
-16.96243
-1.99802
0.40011
-15.10865
-7.88859
0.44127
-13.83202
-8.45727
0.87933
-13.83202
-8.45727
0.87933
-13.83202
-2.26324
1.63141
-16.96243
-1.99802
0.40011
-14.43782
-2.08599
-1.7419
-14.31924
-8.16541
-1.0683
-15.24635
-7.80521
-0.13073
-15.24635
-7.80521
-0.13073
-17.01661
-1.97361
-0.11465
-14.43782
-2.08599
-1.7419
-10.64744
-1.97357
-0.11464
-12.41773
-7.80517
-0.13072
-13.34482
-8.1654
-1.06829
-13.34482
-8.1654
-1.06829
-13.22622
-2.08599
-1.7419
-10.64744
-1.97357
-0.11464
-13.83202
-2.26324
1.63141
-13.83202
-8.45727
0.87933
-12.55542
-7.88856
0.44128
-12.55542
-7.88856
0.44128
-10.70163
-1.99798
0.40013
-13.83202
-2.26324
1.63141
-13.17779
8.08084
-2.74681
-7.62006
7.47942
-0.16986
-10.67908
6.83934
-1.4344
-10.67908
6.83934
-1.4344
-13.16098
6.23854
-2.48981
-13.17779
8.08084
-2.74681
-7.62006
7.47942
-0.16986
-10.64744
-1.97357
-0.11464
-11.82691
-1.19803
-1.04529
-11.82691
-1.19803
-1.04529
-10.67908
6.83934
-1.4344
-7.62006
7.47942
-0.16986
-10.64744
-1.97357
-0.11464
-13.22622
-2.08599
-1.7419
-13.24832
-0.60794
-1.88261
-13.24832
-0.60794
-1.88261
-11.82691
-1.19803
-1.04529
-10.64744
-1.97357
-0.11464
-19.12118
10.07378
0.59163
-19.22932
11.28753
0
-19.12117
10.07378
-0.59162
-8.54284
10.07377
-0.59162
-8.43468
11.28751
0
-8.54285
10.07377
0.59162
-21.88438
13.0928
0.21733
-21.88438
13.0928
-0.21734
-20.04395
7.4794
-0.16987
-20.04395
7.4794
-0.16987
-20.03274
7.46244
0.29211
-21.88438
13.0928
0.21733
-5.77963
13.09279
-0.21733
-5.77963
13.09279
0.21734
-7.63128
7.46246
0.29212
-7.63128
7.46246
0.29212
-7.62006
7.47942
-0.16986
-5.77963
13.09279
-0.21733
-15.10865
-7.88859
0.44127
-15.24635
-7.80521
-0.13073
-14.4605
-10.38798
-0.01402
-14.4605
-10.38798
-0.01402
-14.1723
-10.50911
0.49951
-15.10865
-7.88859
0.44127
-12.41773
-7.80517
-0.13072
-12.55542
-7.88856
0.44128
-13.49178
-10.50908
0.49952
-13.49178
-10.50908
0.49952
-13.20358
-10.38792
-0.01401
-12.41773
-7.80517
-0.13072
-17.01661
-1.97361
-0.11465
-16.96243
-1.99802
0.40011
-20.03274
7.46244
0.29211
-20.03274
7.46244
0.29211
-20.04395
7.4794
-0.16987
-17.01661
-1.97361
-0.11465
-7.62006
7.47942
-0.16986
-7.63128
7.46246
0.29212
-10.70163
-1.99798
0.40013
-10.70163
-1.99798
0.40013
-10.64744
-1.97357
-0.11464
-7.62006
7.47942
-0.16986
-16.96243
-1.99802
0.40011
-17.01661
-1.97361
-0.11465
-15.24635
-7.80521
-0.13073
-15.24635
-7.80521
-0.13073
-15.10865
-7.88859
0.44127
-16.96243
-1.99802
0.40011
-10.64744
-1.97357
-0.11464
-10.70163
-1.99798
0.40013
-12.55542
-7.88856
0.44128
-12.55542
-7.88856
0.44128
-12.41773
-7.80517
-0.13072
-10.64744
-1.97357
-0.11464
-13.17779
8.08084
-2.74681
-13.16098
6.23854
-2.48981
-14.48623
8.08084
-2.74681
-13.24832
-0.60794
-1.88261
-13.22622
-2.08599
-1.7419
-14.43782
-2.08599
-1.7419
-14.50327
13.0928
-3.22261
-13.16073
13.0928
-3.22261
-13.17779
8.08084
-2.74681
-13.17779
8.08084
-2.74681
-14.48623
8.08084
-2.74681
-14.50327
13.0928
-3.22261
-14.31924
-8.16541
-1.0683
-13.34482
-8.1654
-1.06829
-13.51566
-10.28204
-0.78805
-13.51566
-10.28204
-0.78805
-14.1484
-10.28207
-0.78806
-14.31924
-8.16541
-1.0683
-13.24832
-0.60794
-1.88261
-14.43782
-2.08599
-1.7419
-14.48623
8.08084
-2.74681
-14.48623
8.08084
-2.74681
-13.16098
6.23854
-2.48981
-13.24832
-0.60794
-1.88261
-14.43782
-2.08599
-1.7419
-13.22622
-2.08599
-1.7419
-13.34482
-8.1654
-1.06829
-13.34482
-8.1654
-1.06829
-14.31924
-8.16541
-1.0683
-14.43782
-2.08599
-1.7419
-13.16073
13.0928
-3.22261
-14.50327
13.0928
-3.22261
-13.83201
10.32973
-2.38015
-13.83203
-10.53165
0.62746
-14.1723
-10.50911
0.49951
-14.09326
-10.49506
0.42014
-14.09326
-10.49506
0.42014
-13.83203
-10.51236
0.51837
-13.83203
-10.53165
0.62746
-14.1723
-10.50911
0.49951
-14.4605
-10.38798
-0.01402
-14.34076
-10.38681
-0.02057
-14.34076
-10.38681
-0.02057
-14.09326
-10.49506
0.42014
-14.1723
-10.50911
0.49951
-14.4605
-10.38798
-0.01402
-14.1484
-10.28207
-0.78806
-14.07215
-10.29993
-0.68707
-14.07215
-10.29993
-0.68707
-14.34076
-10.38681
-0.02057
-14.4605
-10.38798
-0.01402
-14.1484
-10.28207
-0.78806
-13.51566
-10.28204
-0.78805
-13.59192
-10.29991
-0.68707
-13.59192
-10.29991
-0.68707
-14.07215
-10.29993
-0.68707
-14.1484
-10.28207
-0.78806
-13.51566
-10.28204
-0.78805
-13.20358
-10.38792
-0.01401
-13.32332
-10.38676
-0.02056
-13.32332
-10.38676
-0.02056
-13.59192
-10.29991
-0.68707
-13.51566
-10.28204
-0.78805
-13.20358
-10.38792
-0.01401
-13.49178
-10.50908
0.49952
-13.57083
-10.49504
0.42016
-13.57083
-10.49504
0.42016
-13.32332
-10.38676
-0.02056
-13.20358
-10.38792
-0.01401
-13.49178
-10.50908
0.49952
-13.83203
-10.53165
0.62746
-13.83203
-10.51236
0.51837
-13.83203
-10.51236
0.51837
-13.57083
-10.49504
0.42016
-13.49178
-10.50908
0.49952
-13.83203
-10.51236
0.51837
-14.09326
-10.49506
0.42014
-14.09327
-10.10355
0.41174
-14.09327
-10.10355
0.41174
-13.83204
-10.12084
0.50997
-13.83203
-10.51236
0.51837
-14.09326
-10.49506
0.42014
-14.34076
-10.38681
-0.02057
-14.34077
-9.9953
-0.02897
-14.34077
-9.9953
-0.02897
-14.09327
-10.10355
0.41174
-14.09326
-10.49506
0.42014
-14.34076
-10.38681
-0.02057
-14.07215
-10.29993
-0.68707
-14.07216
-9.90842
-0.69547
-14.07216
-9.90842
-0.69547
-14.34077
-9.9953
-0.02897
-14.34076
-10.38681
-0.02057
-14.07215
-10.29993
-0.68707
-13.59192
-10.29991
-0.68707
-13.59194
-9.90839
-0.69547
-13.59194
-9.90839
-0.69547
-14.07216
-9.90842
-0.69547
-14.07215
-10.29993
-0.68707
-13.59192
-10.29991
-0.68707
-13.32332
-10.38676
-0.02056
-13.32333
-9.99525
-0.02896
-13.32333
-9.99525
-0.02896
-13.59194
-9.90839
-0.69547
-13.59192
-10.29991
-0.68707
-13.32332
-10.38676
-0.02056
-13.57083
-10.49504
0.42016
-13.57084
-10.10352
0.41176
-13.57084
-10.10352
0.41176
-13.32333
-9.99525
-0.02896
-13.32332
-10.38676
-0.02056
-13.57083
-10.49504
0.42016
-13.83203
-10.51236
0.51837
-13.83204
-10.12084
0.50997
-13.83204
-10.12084
0.50997
-13.57084
-10.10352
0.41176
-13.57083
-10.49504
0.42016
-19.12118
10.07378
0.59163
-19.12117
10.07378
-0.59162
-20.26091
10.07378
-0.38794
-20.26091
10.07378
-0.38794
-20.26091
10.07378
0.38794
-19.12118
10.07378
0.59163
-8.54284
10.07377
-0.59162
-8.54285
10.07377
0.59162
-7.46624
10.07377
0.38794
-7.46624
10.07377
0.38794
-7.46624
10.07377
-0.38793
-8.54284
10.07377
-0.59162
-20.26091
10.07378
0.38794
-20.26091
10.07378
-0.38794
-21.88438
13.0928
-0.21734
-21.88438
13.0928
-0.21734
-21.88438
13.0928
0.21733
-20.26091
10.07378
0.38794
-7.46624
10.07377
-0.38793
-7.46624
10.07377
0.38794
-5.77963
13.09279
0.21734
-5.77963
13.09279
0.21734
-5.77963
13.09279
-0.21733
-7.46624
10.07377
-0.38793
-5.77963
13.09279
-0.21733
-13.16073
13.0928
-3.22261
-13.83201
10.32973
-2.38015
-13.83201
10.32973
-2.38015
-8.54284
10.07377
-0.59162
-5.77963
13.09279
-0.21733
-14.50327
13.0928
-3.22261
-21.88438
13.0928
-0.21734
-19.12117
10.07378
-0.59162
-19.12117
10.07378
-0.59162
-13.83201
10.32973
-2.38015
-14.50327
13.0928
-3.22261
-21.88438
13.0928
0.21733
-13.832
13.0928
3.49592
-13.83201
10.32973
2.38015
-13.83201
10.32973
2.38015
-19.12118
10.07378
0.59163
-21.88438
13.0928
0.21733
-13.832
13.0928
3.49592
-5.77963
13.09279
0.21734
-8.54285
10.07377
0.59162
-8.54285
10.07377
0.59162
-13.83201
10.32973
2.38015
-13.832
13.0928
3.49592
-20.26091
10.07378
0.38794
-21.88438
13.0928
0.21733
-19.12118
10.07378
0.59163
-20.26091
10.07378
-0.38794
-19.12117
10.07378
-0.59162
-21.88438
13.0928
-0.21734
-7.46624
10.07377
-0.38793
-5.77963
13.09279
-0.21733
-8.54284
10.07377
-0.59162
-7.46624
10.07377
0.38794
-8.54285
10.07377
0.59162
-5.77963
13.09279
0.21734
-19.76109
10.00885
0.40798
-19.76109
12.10995
0.40798
-20.16005
12.10995
0.00902
-20.16005
12.10995
0.00902
-20.16005
10.00885
0.00902
-19.76109
10.00885
0.40798
-19.76109
12.10995
0.40798
-19.76109
12.23587
0.59711
-20.34918
12.23587
0.00902
-20.34918
12.23587
0.00902
-20.16005
12.10995
0.00902
-19.76109
12.10995
0.40798
-19.76109
12.23587
0.59711
-19.76109
12.79363
0.59711
-20.34918
12.79363
0.00902
-20.34918
12.79363
0.00902
-20.34918
12.23587
0.00902
-19.76109
12.23587
0.59711
-19.76109
12.79363
0.59711
-19.76109
12.89119
0.69953
-20.4516
12.89119
0.00902
-20.4516
12.89119
0.00902
-20.34918
12.79363
0.00902
-19.76109
12.79363
0.59711
-19.76109
12.89119
0.69953
-19.76109
13.9267
0.69953
-20.4516
13.9267
0.00902
-20.4516
13.9267
0.00902
-20.4516
12.89119
0.00902
-19.76109
12.89119
0.69953
-19.76109
13.9267
0.69953
-19.76109
14.08084
0.47142
-20.22349
14.08084
0.00902
-20.22349
14.08084
0.00902
-20.4516
13.9267
0.00902
-19.76109
13.9267
0.69953
-19.76109
14.08084
0.47142
-19.76109
12.89119
0.47142
-20.22349
12.89119
0.00902
-20.22349
12.89119
0.00902
-20.22349
14.08084
0.00902
-19.76109
14.08084
0.47142
-19.76109
12.89119
0.47142
-19.76109
12.79363
0.40283
-20.15491
12.79363
0.00902
-20.15491
12.79363
0.00902
-20.22349
12.89119
0.00902
-19.76109
12.89119
0.47142
-19.76109
12.79363
0.40283
-19.76109
12.23587
0.40283
-20.1549
12.23587
0.00902
-20.1549
12.23587
0.00902
-20.15491
12.79363
0.00902
-19.76109
12.79363
0.40283
-19.76109
12.23587
0.40283
-19.76109
12.10995
0.27618
-20.02825
12.10995
0.00902
-20.02825
12.10995
0.00902
-20.1549
12.23587
0.00902
-19.76109
12.23587
0.40283
-19.76109
12.10995
0.27618
-19.76109
10.00885
0.27618
-20.02825
10.00885
0.00902
-20.02825
10.00885
0.00902
-20.02825
12.10995
0.00902
-19.76109
12.10995
0.27618
-19.76109
10.00885
0.27618
-19.76109
10.00885
0.40798
-20.16005
10.00885
0.00902
-20.16005
10.00885
0.00902
-20.02825
10.00885
0.00902
-19.76109
10.00885
0.27618
-20.16005
10.00885
0.00902
-20.16005
12.10995
0.00902
-19.76109
12.10995
-0.38994
-19.76109
12.10995
-0.38994
-19.76109
10.00885
-0.38994
-20.16005
10.00885
0.00902
-20.16005
12.10995
0.00902
-20.34918
12.23587
0.00902
-19.76109
12.23587
-0.57908
-19.76109
12.23587
-0.57908
-19.76109
12.10995
-0.38994
-20.16005
12.10995
0.00902
-20.34918
12.23587
0.00902
-20.34918
12.79363
0.00902
-19.76109
12.79363
-0.57908
-19.76109
12.79363
-0.57908
-19.76109
12.23587
-0.57908
-20.34918
12.23587
0.00902
-20.34918
12.79363
0.00902
-20.4516
12.89119
0.00902
-19.76109
12.89119
-0.6815
-19.76109
12.89119
-0.6815
-19.76109
12.79363
-0.57908
-20.34918
12.79363
0.00902
-20.4516
12.89119
0.00902
-20.4516
13.9267
0.00902
-19.76109
13.9267
-0.6815
-19.76109
13.9267
-0.6815
-19.76109
12.89119
-0.6815
-20.4516
12.89119
0.00902
-20.4516
13.9267
0.00902
-20.22349
14.08084
0.00902
-19.76109
14.08083
-0.45338
-19.76109
14.08083
-0.45338
-19.76109
13.9267
-0.6815
-20.4516
13.9267
0.00902
-20.22349
14.08084
0.00902
-20.22349
12.89119
0.00902
-19.76109
12.89119
-0.45338
-19.76109
12.89119
-0.45338
-19.76109
14.08083
-0.45338
-20.22349
14.08084
0.00902
-20.22349
12.89119
0.00902
-20.15491
12.79363
0.00902
-19.76109
12.79363
-0.3848
-19.76109
12.79363
-0.3848
-19.76109
12.89119
-0.45338
-20.22349
12.89119
0.00902
-20.15491
12.79363
0.00902
-20.1549
12.23587
0.00902
-19.76109
12.23587
-0.3848
-19.76109
12.23587
-0.3848
-19.76109
12.79363
-0.3848
-20.15491
12.79363
0.00902
-20.1549
12.23587
0.00902
-20.02825
12.10995
0.00902
-19.76109
12.10995
-0.25814
-19.76109
12.10995
-0.25814
-19.76109
12.23587
-0.3848
-20.1549
12.23587
0.00902
-20.02825
12.10995
0.00902
-20.02825
10.00885
0.00902
-19.76109
10.00885
-0.25814
-19.76109
10.00885
-0.25814
-19.76109
12.10995
-0.25814
-20.02825
12.10995
0.00902
-20.02825
10.00885
0.00902
-20.16005
10.00885
0.00902
-19.76109
10.00885
-0.38994
-19.76109
10.00885
-0.38994
-19.76109
10.00885
-0.25814
-20.02825
10.00885
0.00902
-19.76109
10.00885
-0.38994
-19.76109
12.10995
-0.38994
-19.36213
12.10995
0.00902
-19.36213
12.10995
0.00902
-19.36213
10.00885
0.00902
-19.76109
10.00885
-0.38994
-19.76109
12.10995
-0.38994
-19.76109
12.23587
-0.57908
-19.17299
12.23587
0.00902
-19.17299
12.23587
0.00902
-19.36213
12.10995
0.00902
-19.76109
12.10995
-0.38994
-19.76109
12.23587
-0.57908
-19.76109
12.79363
-0.57908
-19.17299
12.79363
0.00902
-19.17299
12.79363
0.00902
-19.17299
12.23587
0.00902
-19.76109
12.23587
-0.57908
-19.76109
12.79363
-0.57908
-19.76109
12.89119
-0.6815
-19.07058
12.89119
0.00902
-19.07058
12.89119
0.00902
-19.17299
12.79363
0.00902
-19.76109
12.79363
-0.57908
-19.76109
12.89119
-0.6815
-19.76109
13.9267
-0.6815
-19.07058
13.9267
0.00902
-19.07058
13.9267
0.00902
-19.07058
12.89119
0.00902
-19.76109
12.89119
-0.6815
-19.76109
13.9267
-0.6815
-19.76109
14.08083
-0.45338
-19.29869
14.08084
0.00902
-19.29869
14.08084
0.00902
-19.07058
13.9267
0.00902
-19.76109
13.9267
-0.6815
-19.76109
14.08083
-0.45338
-19.76109
12.89119
-0.45338
-19.29869
12.89119
0.00902
-19.29869
12.89119
0.00902
-19.29869
14.08084
0.00902
-19.76109
14.08083
-0.45338
-19.76109
12.89119
-0.45338
-19.76109
12.79363
-0.3848
-19.36727
12.79363
0.00902
-19.36727
12.79363
0.00902
-19.29869
12.89119
0.00902
-19.76109
12.89119
-0.45338
-19.76109
12.79363
-0.3848
-19.76109
12.23587
-0.3848
-19.36727
12.23587
0.00902
-19.36727
12.23587
0.00902
-19.36727
12.79363
0.00902
-19.76109
12.79363
-0.3848
-19.76109
12.23587
-0.3848
-19.76109
12.10995
-0.25814
-19.49393
12.10995
0.00902
-19.49393
12.10995
0.00902
-19.36727
12.23587
0.00902
-19.76109
12.23587
-0.3848
-19.76109
12.10995
-0.25814
-19.76109
10.00885
-0.25814
-19.49393
10.00885
0.00902
-19.49393
10.00885
0.00902
-19.49393
12.10995
0.00902
-19.76109
12.10995
-0.25814
-19.76109
10.00885
-0.25814
-19.76109
10.00885
-0.38994
-19.36213
10.00885
0.00902
-19.36213
10.00885
0.00902
-19.49393
10.00885
0.00902
-19.76109
10.00885
-0.25814
-19.36213
10.00885
0.00902
-19.36213
12.10995
0.00902
-19.76109
12.10995
0.40798
-19.76109
12.10995
0.40798
-19.76109
10.00885
0.40798
-19.36213
10.00885
0.00902
-19.36213
12.10995
0.00902
-19.17299
12.23587
0.00902
-19.76109
12.23587
0.59711
-19.76109
12.23587
0.59711
-19.76109
12.10995
0.40798
-19.36213
12.10995
0.00902
-19.17299
12.23587
0.00902
-19.17299
12.79363
0.00902
-19.76109
12.79363
0.59711
-19.76109
12.79363
0.59711
-19.76109
12.23587
0.59711
-19.17299
12.23587
0.00902
-19.17299
12.79363
0.00902
-19.07058
12.89119
0.00902
-19.76109
12.89119
0.69953
-19.76109
12.89119
0.69953
-19.76109
12.79363
0.59711
-19.17299
12.79363
0.00902
-19.07058
12.89119
0.00902
-19.07058
13.9267
0.00902
-19.76109
13.9267
0.69953
-19.76109
13.9267
0.69953
-19.76109
12.89119
0.69953
-19.07058
12.89119
0.00902
-19.07058
13.9267
0.00902
-19.29869
14.08084
0.00902
-19.76109
14.08084
0.47142
-19.76109
14.08084
0.47142
-19.76109
13.9267
0.69953
-19.07058
13.9267
0.00902
-19.29869
14.08084
0.00902
-19.29869
12.89119
0.00902
-19.76109
12.89119
0.47142
-19.76109
12.89119
0.47142
-19.76109
14.08084
0.47142
-19.29869
14.08084
0.00902
-19.29869
12.89119
0.00902
-19.36727
12.79363
0.00902
-19.76109
12.79363
0.40283
-19.76109
12.79363
0.40283
-19.76109
12.89119
0.47142
-19.29869
12.89119
0.00902
-19.36727
12.79363
0.00902
-19.36727
12.23587
0.00902
-19.76109
12.23587
0.40283
-19.76109
12.23587
0.40283
-19.76109
12.79363
0.40283
-19.36727
12.79363
0.00902
-19.36727
12.23587
0.00902
-19.49393
12.10995
0.00902
-19.76109
12.10995
0.27618
-19.76109
12.10995
0.27618
-19.76109
12.23587
0.40283
-19.36727
12.23587
0.00902
-19.49393
12.10995
0.00902
-19.49393
10.00885
0.00902
-19.76109
10.00885
0.27618
-19.76109
10.00885
0.27618
-19.76109
12.10995
0.27618
-19.49393
12.10995
0.00902
-19.49393
10.00885
0.00902
-19.36213
10.00885
0.00902
-19.76109
10.00885
0.40798
-19.76109
10.00885
0.40798
-19.76109
10.00885
0.27618
-19.49393
10.00885
0.00902
-7.96395
10.00885
0.40798
-7.96395
12.10995
0.40798
-8.36291
12.10995
0.00902
-8.36291
12.10995
0.00902
-8.36291
10.00885
0.00902
-7.96395
10.00885
0.40798
-7.96395
12.10995
0.40798
-7.96395
12.23587
0.59712
-8.55204
12.23587
0.00902
-8.55204
12.23587
0.00902
-8.36291
12.10995
0.00902
-7.96395
12.10995
0.40798
-7.96395
12.23587
0.59712
-7.96395
12.79363
0.59712
-8.55204
12.79363
0.00902
-8.55204
12.79363
0.00902
-8.55204
12.23587
0.00902
-7.96395
12.23587
0.59712
-7.96395
12.79363
0.59712
-7.96395
12.89119
0.69953
-8.65446
12.89119
0.00902
-8.65446
12.89119
0.00902
-8.55204
12.79363
0.00902
-7.96395
12.79363
0.59712
-7.96395
12.89119
0.69953
-7.96395
13.9267
0.69953
-8.65446
13.9267
0.00902
-8.65446
13.9267
0.00902
-8.65446
12.89119
0.00902
-7.96395
12.89119
0.69953
-7.96395
13.9267
0.69953
-7.96395
14.08084
0.47142
-8.42635
14.08083
0.00902
-8.42635
14.08083
0.00902
-8.65446
13.9267
0.00902
-7.96395
13.9267
0.69953
-7.96395
14.08084
0.47142
-7.96395
12.89119
0.47142
-8.42635
12.89119
0.00902
-8.42635
12.89119
0.00902
-8.42635
14.08083
0.00902
-7.96395
14.08084
0.47142
-7.96395
12.89119
0.47142
-7.96395
12.79363
0.40284
-8.35776
12.79363
0.00902
-8.35776
12.79363
0.00902
-8.42635
12.89119
0.00902
-7.96395
12.89119
0.47142
-7.96395
12.79363
0.40284
-7.96395
12.23587
0.40284
-8.35776
12.23587
0.00902
-8.35776
12.23587
0.00902
-8.35776
12.79363
0.00902
-7.96395
12.79363
0.40284
-7.96395
12.23587
0.40284
-7.96395
12.10995
0.27618
-8.23111
12.10995
0.00902
-8.23111
12.10995
0.00902
-8.35776
12.23587
0.00902
-7.96395
12.23587
0.40284
-7.96395
12.10995
0.27618
-7.96395
10.00885
0.27618
-8.23111
10.00885
0.00902
-8.23111
10.00885
0.00902
-8.23111
12.10995
0.00902
-7.96395
12.10995
0.27618
-7.96395
10.00885
0.27618
-7.96395
10.00885
0.40798
-8.36291
10.00885
0.00902
-8.36291
10.00885
0.00902
-8.23111
10.00885
0.00902
-7.96395
10.00885
0.27618
-8.36291
10.00885
0.00902
-8.36291
12.10995
0.00902
-7.96395
12.10995
-0.38994
-7.96395
12.10995
-0.38994
-7.96395
10.00885
-0.38994
-8.36291
10.00885
0.00902
-8.36291
12.10995
0.00902
-8.55204
12.23587
0.00902
-7.96395
12.23587
-0.57907
-7.96395
12.23587
-0.57907
-7.96395
12.10995
-0.38994
-8.36291
12.10995
0.00902
-8.55204
12.23587
0.00902
-8.55204
12.79363
0.00902
-7.96395
12.79363
-0.57907
-7.96395
12.79363
-0.57907
-7.96395
12.23587
-0.57907
-8.55204
12.23587
0.00902
-8.55204
12.79363
0.00902
-8.65446
12.89119
0.00902
-7.96395
12.89119
-0.68149
-7.96395
12.89119
-0.68149
-7.96395
12.79363
-0.57907
-8.55204
12.79363
0.00902
-8.65446
12.89119
0.00902
-8.65446
13.9267
0.00902
-7.96395
13.9267
-0.68149
-7.96395
13.9267
-0.68149
-7.96395
12.89119
-0.68149
-8.65446
12.89119
0.00902
-8.65446
13.9267
0.00902
-8.42635
14.08083
0.00902
-7.96395
14.08083
-0.45338
-7.96395
14.08083
-0.45338
-7.96395
13.9267
-0.68149
-8.65446
13.9267
0.00902
-8.42635
14.08083
0.00902
-8.42635
12.89119
0.00902
-7.96395
12.89119
-0.45338
-7.96395
12.89119
-0.45338
-7.96395
14.08083
-0.45338
-8.42635
14.08083
0.00902
-8.42635
12.89119
0.00902
-8.35776
12.79363
0.00902
-7.96395
12.79363
-0.38479
-7.96395
12.79363
-0.38479
-7.96395
12.89119
-0.45338
-8.42635
12.89119
0.00902
-8.35776
12.79363
0.00902
-8.35776
12.23587
0.00902
-7.96395
12.23587
-0.38479
-7.96395
12.23587
-0.38479
-7.96395
12.79363
-0.38479
-8.35776
12.79363
0.00902
-8.35776
12.23587
0.00902
-8.23111
12.10995
0.00902
-7.96395
12.10995
-0.25814
-7.96395
12.10995
-0.25814
-7.96395
12.23587
-0.38479
-8.35776
12.23587
0.00902
-8.23111
12.10995
0.00902
-8.23111
10.00885
0.00902
-7.96395
10.00885
-0.25814
-7.96395
10.00885
-0.25814
-7.96395
12.10995
-0.25814
-8.23111
12.10995
0.00902
-8.23111
10.00885
0.00902
-8.36291
10.00885
0.00902
-7.96395
10.00885
-0.38994
-7.96395
10.00885
-0.38994
-7.96395
10.00885
-0.25814
-8.23111
10.00885
0.00902
-7.96395
10.00885
-0.38994
-7.96395
12.10995
-0.38994
-7.56499
12.10995
0.00902
-7.56499
12.10995
0.00902
-7.56499
10.00885
0.00902
-7.96395
10.00885
-0.38994
-7.96395
12.10995
-0.38994
-7.96395
12.23587
-0.57907
-7.37585
12.23587
0.00902
-7.37585
12.23587
0.00902
-7.56499
12.10995
0.00902
-7.96395
12.10995
-0.38994
-7.96395
12.23587
-0.57907
-7.96395
12.79363
-0.57907
-7.37585
12.79363
0.00902
-7.37585
12.79363
0.00902
-7.37585
12.23587
0.00902
-7.96395
12.23587
-0.57907
-7.96395
12.79363
-0.57907
-7.96395
12.89119
-0.68149
-7.27344
12.89119
0.00902
-7.27344
12.89119
0.00902
-7.37585
12.79363
0.00902
-7.96395
12.79363
-0.57907
-7.96395
12.89119
-0.68149
-7.96395
13.9267
-0.68149
-7.27343
13.9267
0.00902
-7.27343
13.9267
0.00902
-7.27344
12.89119
0.00902
-7.96395
12.89119
-0.68149
-7.96395
13.9267
-0.68149
-7.96395
14.08083
-0.45338
-7.50155
14.08084
0.00902
-7.50155
14.08084
0.00902
-7.27343
13.9267
0.00902
-7.96395
13.9267
-0.68149
-7.96395
14.08083
-0.45338
-7.96395
12.89119
-0.45338
-7.50155
12.89119
0.00902
-7.50155
12.89119
0.00902
-7.50155
14.08084
0.00902
-7.96395
14.08083
-0.45338
-7.96395
12.89119
-0.45338
-7.96395
12.79363
-0.38479
-7.57013
12.79363
0.00902
-7.57013
12.79363
0.00902
-7.50155
12.89119
0.00902
-7.96395
12.89119
-0.45338
-7.96395
12.79363
-0.38479
-7.96395
12.23587
-0.38479
-7.57013
12.23587
0.00902
-7.57013
12.23587
0.00902
-7.57013
12.79363
0.00902
-7.96395
12.79363
-0.38479
-7.96395
12.23587
-0.38479
-7.96395
12.10995
-0.25814
-7.69679
12.10995
0.00902
-7.69679
12.10995
0.00902
-7.57013
12.23587
0.00902
-7.96395
12.23587
-0.38479
-7.96395
12.10995
-0.25814
-7.96395
10.00885
-0.25814
-7.69679
10.00885
0.00902
-7.69679
10.00885
0.00902
-7.69679
12.10995
0.00902
-7.96395
12.10995
-0.25814
-7.96395
10.00885
-0.25814
-7.96395
10.00885
-0.38994
-7.56499
10.00885
0.00902
-7.56499
10.00885
0.00902
-7.69679
10.00885
0.00902
-7.96395
10.00885
-0.25814
-7.56499
10.00885
0.00902
-7.56499
12.10995
0.00902
-7.96395
12.10995
0.40798
-7.96395
12.10995
0.40798
-7.96395
10.00885
0.40798
-7.56499
10.00885
0.00902
-7.56499
12.10995
0.00902
-7.37585
12.23587
0.00902
-7.96395
12.23587
0.59712
-7.96395
12.23587
0.59712
-7.96395
12.10995
0.40798
-7.56499
12.10995
0.00902
-7.37585
12.23587
0.00902
-7.37585
12.79363
0.00902
-7.96395
12.79363
0.59712
-7.96395
12.79363
0.59712
-7.96395
12.23587
0.59712
-7.37585
12.23587
0.00902
-7.37585
12.79363
0.00902
-7.27344
12.89119
0.00902
-7.96395
12.89119
0.69953
-7.96395
12.89119
0.69953
-7.96395
12.79363
0.59712
-7.37585
12.79363
0.00902
-7.27344
12.89119
0.00902
-7.27343
13.9267
0.00902
-7.96395
13.9267
0.69953
-7.96395
13.9267
0.69953
-7.96395
12.89119
0.69953
-7.27344
12.89119
0.00902
-7.27343
13.9267
0.00902
-7.50155
14.08084
0.00902
-7.96395
14.08084
0.47142
-7.96395
14.08084
0.47142
-7.96395
13.9267
0.69953
-7.27343
13.9267
0.00902
-7.50155
14.08084
0.00902
-7.50155
12.89119
0.00902
-7.96395
12.89119
0.47142
-7.96395
12.89119
0.47142
-7.96395
14.08084
0.47142
-7.50155
14.08084
0.00902
-7.50155
12.89119
0.00902
-7.57013
12.79363
0.00902
-7.96395
12.79363
0.40284
-7.96395
12.79363
0.40284
-7.96395
12.89119
0.47142
-7.50155
12.89119
0.00902
-7.57013
12.79363
0.00902
-7.57013
12.23587
0.00902
-7.96395
12.23587
0.40284
-7.96395
12.23587
0.40284
-7.96395
12.79363
0.40284
-7.57013
12.79363
0.00902
-7.57013
12.23587
0.00902
-7.69679
12.10995
0.00902
-7.96395
12.10995
0.27618
-7.96395
12.10995
0.27618
-7.96395
12.23587
0.40284
-7.57013
12.23587
0.00902
-7.69679
12.10995
0.00902
-7.69679
10.00885
0.00902
-7.96395
10.00885
0.27618
-7.96395
10.00885
0.27618
-7.96395
12.10995
0.27618
-7.69679
12.10995
0.00902
-7.69679
10.00885
0.00902
-7.56499
10.00885
0.00902
-7.96395
10.00885
0.40798
-7.96395
10.00885
0.40798
-7.96395
10.00885
0.27618
-7.69679
10.00885
0.00902
1e-005
-2.00699
6.93782
1e-005
8.34025
4.19592
-0.71189
8.34859
4.20896
-0.71189
8.34859
4.20896
-0.88208
-2.01668
6.92269
1e-005
-2.00699
6.93782
-1.35202
-12.14831
8.05585
-0.88208
-2.01668
6.92269
-2.01399
-2.12709
6.69729
-2.01399
-2.12709
6.69729
-3.14291
-12.1491
7.56312
-1.35202
-12.14831
8.05585
-0.88208
-2.01668
6.92269
-0.71189
8.34859
4.20896
-2.01399
-2.12709
6.69729
-3.10674
-11.32971
7.42903
-2.07209
-2.13475
6.63519
-3.13583
-2.2537
4.70127
-2.07209
-2.13475
6.63519
-0.87653
7.48419
4.35051
-3.13583
-2.2537
4.70127
0
-18.33506
5.43088
-4.8827
-18.33505
0.54818
-4.49159
-16.09138
0.54818
-4.49159
-16.09138
0.54818
0
-16.09139
5.03978
0
-18.33506
5.43088
-4.8827
-18.33505
0.54818
1e-005
-18.33505
-4.33451
1e-005
-16.09139
-3.94341
1e-005
-16.09139
-3.94341
-4.49159
-16.09138
0.54818
-4.8827
-18.33505
0.54818
0
-19.74457
4.26327
-3.71509
-19.74456
0.54818
-3.27749
-16.09139
0.54818
-3.27749
-16.09139
0.54818
0
-16.09139
3.82568
0
-19.74457
4.26327
-3.71509
-19.74456
0.54818
0
-19.74457
-3.16691
1e-005
-16.09139
-2.72931
1e-005
-16.09139
-2.72931
-3.27749
-16.09139
0.54818
-3.71509
-19.74456
0.54818
0
-21.27059
3.1425
-2.59432
-21.27058
0.54818
-2.20692
-16.09139
0.54818
-2.20692
-16.09139
0.54818
0
-16.09139
2.75511
0
-21.27059
3.1425
-2.59432
-21.27058
0.54818
0
-21.27058
-2.04613
0
-16.09139
-1.65874
0
-16.09139
-1.65874
-2.20692
-16.09139
0.54818
-2.59432
-21.27058
0.54818
6.06451
-16.84008
-4.51376
1e-005
-16.86737
-6.21331
1e-005
-12.26817
-5.76656
1e-005
-12.26817
-5.76656
5.37603
-12.24314
-4.20749
6.06451
-16.84008
-4.51376
0
-12.22042
10.4017
0
-16.81185
11.10006
0.87786
-16.81186
11.10006
0.87786
-16.81186
11.10006
0.8622
-12.22042
10.40166
0
-12.22042
10.4017
1.05213
23.23353
-1.14298
1.77717
18.64212
-1.41213
1.34573
18.66236
-1.77839
1.34573
18.66236
-1.77839
0.72317
23.26115
-1.35646
1.05213
23.23353
-1.14298
0.75154
23.23353
1.06149
0.7672
18.6421
2.16732
2.12033
18.64211
-0.40736
2.12033
18.64211
-0.40736
1.29788
23.23353
-0.47826
0.75154
23.23353
1.06149
1e-005
23.23353
1.06149
1e-005
18.6421
2.16729
0.7672
18.6421
2.16732
0.7672
18.6421
2.16732
0.75154
23.23353
1.06149
1e-005
23.23353
1.06149
3.89423
8.49335
-1.80987
6.207
-2.07167
-2.0265
3.95745
-2.08092
-3.45001
3.95745
-2.08092
-3.45001
2.59451
8.49833
-2.64852
3.89423
8.49335
-1.80987
6.207
-2.07167
-2.0265
8.43862
-12.22041
-2.24506
5.37603
-12.24314
-4.20749
5.37603
-12.24314
-4.20749
3.95745
-2.08092
-3.45001
6.207
-2.07167
-2.0265
0
-12.22042
10.4017
0.8622
-12.22042
10.40166
0.83096
-2.07167
7.06258
0.83096
-2.07167
7.06258
1e-005
-2.07167
7.0626
0
-12.22042
10.4017
1.77717
18.64212
-1.41213
3.89423
8.49335
-1.80987
2.59451
8.49833
-2.64852
2.59451
8.49833
-2.64852
1.34573
18.66236
-1.77839
1.77717
18.64212
-1.41213
0.79844
8.49335
4.263
4.14869
8.49335
-0.40238
2.12033
18.64211
-0.40736
2.12033
18.64211
-0.40736
0.7672
18.6421
2.16732
0.79844
8.49335
4.263
1e-005
8.49335
4.26299
0.79844
8.49335
4.263
0.7672
18.6421
2.16732
0.7672
18.6421
2.16732
1e-005
18.6421
2.16729
1e-005
8.49335
4.26299
3.25478
-12.22042
7.64916
1.29768
-12.22042
8.18435
1.43903
-16.81184
8.4161
1.43903
-16.81184
8.4161
3.68791
-16.81184
7.74743
3.25478
-12.22042
7.64916
1.29768
-12.22042
8.18435
0.83096
-2.07167
7.06258
0.8622
-12.22042
10.40166
1.29768
-12.22042
8.18435
0.8622
-12.22042
10.40166
0.87786
-16.81186
11.10006
0.87786
-16.81186
11.10006
1.43903
-16.81184
8.4161
1.29768
-12.22042
8.18435
3.28586
-2.23821
4.64853
6.51559
-2.09151
-0.59963
4.14869
8.49335
-0.40238
4.14869
8.49335
-0.40238
0.79844
8.49335
4.263
3.28586
-2.23821
4.64853
3.25478
-12.22042
7.64916
8.70649
-12.22041
-0.82896
6.51559
-2.09151
-0.59963
6.51559
-2.09151
-0.59963
3.28586
-2.23821
4.64853
3.25478
-12.22042
7.64916
3.68791
-16.81184
7.74743
9.64469
-16.81184
-0.93377
8.70649
-12.22041
-0.82896
8.70649
-12.22041
-0.82896
3.25478
-12.22042
7.64916
3.68791
-16.81184
7.74743
3.25478
-12.22042
7.64916
3.20169
-11.28907
7.4728
2.16704
-2.09411
6.67895
2.16704
-2.09411
6.67895
2.11159
-2.07167
6.7724
3.25478
-12.22042
7.64916
2.11159
-2.07167
6.7724
2.16704
-2.09411
6.67895
0.97149
7.52483
4.39426
0.97149
7.52483
4.39426
0.79844
8.49335
4.263
2.11159
-2.07167
6.7724
0.79844
8.49335
4.263
0.97149
7.52483
4.39426
3.23078
-2.21307
4.74503
3.23078
-2.21307
4.74503
3.28586
-2.23821
4.64853
0.79844
8.49335
4.263
3.28586
-2.23821
4.64853
3.23078
-2.21307
4.74503
3.20169
-11.28907
7.4728
3.20169
-11.28907
7.4728
3.25478
-12.22042
7.64916
3.28586
-2.23821
4.64853
3.20169
-11.28907
7.4728
3.10675
-11.32971
7.42904
2.0721
-2.13475
6.63519
2.0721
-2.13475
6.63519
2.16704
-2.09411
6.67895
3.20169
-11.28907
7.4728
2.16704
-2.09411
6.67895
2.0721
-2.13475
6.63519
0.87655
7.48419
4.35051
0.87655
7.48419
4.35051
0.97149
7.52483
4.39426
2.16704
-2.09411
6.67895
0.97149
7.52483
4.39426
0.87655
7.48419
4.35051
3.13584
-2.2537
4.70127
3.13584
-2.2537
4.70127
3.23078
-2.21307
4.74503
0.97149
7.52483
4.39426
3.23078
-2.21307
4.74503
3.13584
-2.2537
4.70127
3.10675
-11.32971
7.42904
3.10675
-11.32971
7.42904
3.20169
-11.28907
7.4728
3.23078
-2.21307
4.74503
1e-005
8.49335
4.26299
1e-005
8.38447
4.29184
0.73121
8.3928
4.30488
0.73121
8.3928
4.30488
0.79844
8.49335
4.263
1e-005
8.49335
4.26299
0.79844
8.49335
4.263
0.73121
8.3928
4.30488
2.0333
-2.08287
6.79321
2.0333
-2.08287
6.79321
2.11159
-2.07167
6.7724
0.79844
8.49335
4.263
2.11159
-2.07167
6.7724
2.0333
-2.08287
6.79321
3.16222
-12.10489
7.65905
3.16222
-12.10489
7.65905
3.25478
-12.22042
7.64916
2.11159
-2.07167
6.7724
3.25478
-12.22042
7.64916
3.16222
-12.10489
7.65905
1.37132
-12.1041
8.15177
1.37132
-12.1041
8.15177
1.29768
-12.22042
8.18435
3.25478
-12.22042
7.64916
1.29768
-12.22042
8.18435
1.37132
-12.1041
8.15177
0.90139
-1.97246
7.01861
0.90139
-1.97246
7.01861
0.83096
-2.07167
7.06258
1.29768
-12.22042
8.18435
0.83096
-2.07167
7.06258
0.90139
-1.97246
7.01861
1e-005
-1.96278
7.03375
1e-005
-1.96278
7.03375
1e-005
-2.07167
7.0626
0.83096
-2.07167
7.06258
1e-005
8.38447
4.29184
1e-005
8.34025
4.19592
0.71191
8.34859
4.20896
0.71191
8.34859
4.20896
0.73121
8.3928
4.30488
1e-005
8.38447
4.29184
0.73121
8.3928
4.30488
0.71191
8.34859
4.20896
2.014
-2.12709
6.69729
2.014
-2.12709
6.69729
2.0333
-2.08287
6.79321
0.73121
8.3928
4.30488
2.0333
-2.08287
6.79321
2.014
-2.12709
6.69729
3.14292
-12.14911
7.56312
3.14292
-12.14911
7.56312
3.16222
-12.10489
7.65905
2.0333
-2.08287
6.79321
3.16222
-12.10489
7.65905
3.14292
-12.14911
7.56312
1.35202
-12.14831
8.05585
1.35202
-12.14831
8.05585
1.37132
-12.1041
8.15177
3.16222
-12.10489
7.65905
1.37132
-12.1041
8.15177
1.35202
-12.14831
8.05585
0.88209
-2.01668
6.92269
0.88209
-2.01668
6.92269
0.90139
-1.97246
7.01861
1.37132
-12.1041
8.15177
0.90139
-1.97246
7.01861
0.88209
-2.01668
6.92269
1e-005
-2.00699
6.93782
1e-005
-2.00699
6.93782
1e-005
-1.96278
7.03375
0.90139
-1.97246
7.01861
6.06451
-16.84008
-4.51376
5.37603
-12.24314
-4.20749
8.43862
-12.22041
-2.24506
8.43862
-12.22041
-2.24506
9.40751
-16.81184
-2.34324
6.06451
-16.84008
-4.51376
1e-005
23.25647
-1.6481
0.72317
23.26115
-1.35646
1.34573
18.66236
-1.77839
1.34573
18.66236
-1.77839
1e-005
18.65727
-2.09485
1e-005
23.25647
-1.6481
1e-005
8.47917
-3.77204
2.2742
8.48937
-3.13675
3.5987
-1.79148
-3.91564
3.5987
-1.79148
-3.91564
1e-005
-1.80878
-4.99351
1e-005
8.47917
-3.77204
1e-005
-1.80878
-4.99351
3.5987
-1.79148
-3.91564
4.97727
-11.66707
-4.65176
4.97727
-11.66707
-4.65176
1e-005
-11.69139
-6.16685
1e-005
-1.80878
-4.99351
1e-005
18.36178
-2.5987
1.06064
18.3667
-2.29117
2.2742
8.48937
-3.13675
2.2742
8.48937
-3.13675
1e-005
8.47917
-3.77204
1e-005
18.36178
-2.5987
0.72399
-15.35335
10.51048
0.10074
-15.35335
10.51048
0.10074
-15.35334
8.58885
0.10074
-15.35334
8.58885
1.21293
-15.35334
8.58885
0.72399
-15.35335
10.51048
0
-16.81184
8.4161
0
-17.37931
7.5274
3.68791
-16.81184
7.74743
3.68791
-16.81184
7.74743
1.43903
-16.81184
8.4161
0
-16.81184
8.4161
0.87786
-16.81186
11.10006
0.72399
-16.81186
10.92731
1.21293
-16.81184
8.58885
1.21293
-16.81184
8.58885
1.43903
-16.81184
8.4161
0.87786
-16.81186
11.10006
1.43903
-16.81184
8.4161
1.21293
-16.81184
8.58885
0.10074
-16.81184
8.58885
0.10074
-16.81184
8.58885
0
-16.81184
8.4161
1.43903
-16.81184
8.4161
0
-16.81184
8.4161
0.10074
-16.81184
8.58885
0.10074
-16.81185
10.92732
0.10074
-16.81185
10.92732
0
-16.81185
11.10006
0
-16.81184
8.4161
0
-16.81185
11.10006
0.10074
-16.81185
10.92732
0.72399
-16.81186
10.92731
0.72399
-16.81186
10.92731
0.87786
-16.81186
11.10006
0
-16.81185
11.10006
0.72399
-16.81186
10.92731
0.72399
-15.35335
10.51048
1.21293
-15.35334
8.58885
1.21293
-15.35334
8.58885
1.21293
-16.81184
8.58885
0.72399
-16.81186
10.92731
1.21293
-16.81184
8.58885
1.21293
-15.35334
8.58885
0.10074
-15.35334
8.58885
0.10074
-15.35334
8.58885
0.10074
-16.81184
8.58885
1.21293
-16.81184
8.58885
0.10074
-16.81184
8.58885
0.10074
-15.35334
8.58885
0.10074
-15.35335
10.51048
0.10074
-15.35335
10.51048
0.10074
-16.81185
10.92732
0.10074
-16.81184
8.58885
0.10074
-16.81185
10.92732
0.10074
-15.35335
10.51048
0.72399
-15.35335
10.51048
0.72399
-15.35335
10.51048
0.72399
-16.81186
10.92731
0.10074
-16.81185
10.92732
6.06451
-16.84008
-4.51376
5.06153
-17.37931
-4.00721
1e-005
-17.37932
-5.6937
1e-005
-17.37932
-5.6937
1e-005
-16.86737
-6.21331
6.06451
-16.84008
-4.51376
3.68791
-16.81184
7.74743
0
-17.37931
7.5274
3.84913
-17.37931
6.61549
3.68791
-16.81184
7.74743
3.84913
-17.37931
6.61549
7.92529
-17.37931
-0.45991
7.92529
-17.37931
-0.45991
9.64469
-16.81184
-0.93377
3.68791
-16.81184
7.74743
9.40751
-16.81184
-2.34324
7.92529
-17.37931
-0.45991
5.06153
-17.37931
-4.00721
5.06153
-17.37931
-4.00721
6.06451
-16.84008
-4.51376
9.40751
-16.81184
-2.34324
3.926
-16.45846
-3.19495
1e-005
-16.09389
-5.5117
1e-005
-17.37932
-5.6937
1e-005
-17.37932
-5.6937
5.06153
-17.37931
-4.00721
3.926
-16.45846
-3.19495
0
-16.09389
6.60807
3.82242
-16.45846
4.40842
3.84913
-17.37931
6.61549
3.84913
-17.37931
6.61549
0
-17.37931
7.5274
0
-16.09389
6.60807
3.82242
-16.45846
4.40842
6.05989
-16.09388
0.54819
7.92529
-17.37931
-0.45991
7.92529
-17.37931
-0.45991
3.84913
-17.37931
6.61549
3.82242
-16.45846
4.40842
6.05989
-16.09388
0.54819
3.926
-16.45846
-3.19495
5.06153
-17.37931
-4.00721
5.06153
-17.37931
-4.00721
7.92529
-17.37931
-0.45991
6.05989
-16.09388
0.54819
0
-16.09389
6.60807
0
-18.33506
5.43088
4.8827
-18.33505
0.54819
4.8827
-18.33505
0.54819
6.05989
-16.09388
0.54819
0
-16.09389
6.60807
6.05989
-16.09388
0.54819
4.8827
-18.33505
0.54819
1e-005
-18.33505
-4.33451
1e-005
-18.33505
-4.33451
1e-005
-16.09389
-5.5117
6.05989
-16.09388
0.54819
0
-16.09139
5.03978
0
-19.74457
4.26327
3.7151
-19.74456
0.54819
3.7151
-19.74456
0.54819
4.4916
-16.09138
0.54819
0
-16.09139
5.03978
4.4916
-16.09138
0.54819
3.7151
-19.74456
0.54819
0
-19.74457
-3.16691
0
-19.74457
-3.16691
1e-005
-16.09139
-3.94341
4.4916
-16.09138
0.54819
0
-16.09139
3.82568
0
-21.27059
3.1425
2.59432
-21.27058
0.54819
2.59432
-21.27058
0.54819
3.2775
-16.09138
0.54819
0
-16.09139
3.82568
3.2775
-16.09138
0.54819
2.59432
-21.27058
0.54819
0
-21.27058
-2.04613
0
-21.27058
-2.04613
1e-005
-16.09139
-2.72931
3.2775
-16.09138
0.54819
0
-16.09139
2.75511
0
-23.5371
0.54818
2.20693
-16.09139
0.54819
2.20693
-16.09139
0.54819
0
-23.5371
0.54818
0
-16.09139
-1.65874
0
-16.09389
6.60807
6.05989
-16.09388
0.54819
3.82242
-16.45846
4.40842
6.05989
-16.09388
0.54819
1e-005
-16.09389
-5.5117
3.926
-16.45846
-3.19495
9.40751
-16.81184
-2.34324
9.64469
-16.81184
-0.93377
7.92529
-17.37931
-0.45991
3.89423
8.49335
-1.80987
1.77717
18.64212
-1.41213
2.12033
18.64211
-0.40736
2.12033
18.64211
-0.40736
4.14869
8.49335
-0.40238
3.89423
8.49335
-1.80987
8.43862
-12.22041
-2.24506
6.207
-2.07167
-2.0265
6.51559
-2.09151
-0.59963
6.51559
-2.09151
-0.59963
8.70649
-12.22041
-0.82896
8.43862
-12.22041
-2.24506
9.40751
-16.81184
-2.34324
8.43862
-12.22041
-2.24506
8.70649
-12.22041
-0.82896
8.70649
-12.22041
-0.82896
9.64469
-16.81184
-0.93377
9.40751
-16.81184
-2.34324
1.29788
23.23353
-0.47826
2.12033
18.64211
-0.40736
1.77717
18.64212
-1.41213
1.77717
18.64212
-1.41213
1.05213
23.23353
-1.14298
1.29788
23.23353
-0.47826
1e-005
-12.26817
-5.76656
1e-005
-11.69139
-6.16685
4.97727
-11.66707
-4.65176
4.97727
-11.66707
-4.65176
5.37603
-12.24314
-4.20749
1e-005
-12.26817
-5.76656
5.37603
-12.24314
-4.20749
4.97727
-11.66707
-4.65176
3.5987
-1.79148
-3.91564
3.5987
-1.79148
-3.91564
3.95745
-2.08092
-3.45001
5.37603
-12.24314
-4.20749
3.95745
-2.08092
-3.45001
3.5987
-1.79148
-3.91564
2.2742
8.48937
-3.13675
2.2742
8.48937
-3.13675
2.59451
8.49833
-2.64852
3.95745
-2.08092
-3.45001
2.59451
8.49833
-2.64852
2.2742
8.48937
-3.13675
1.06064
18.3667
-2.29117
1.06064
18.3667
-2.29117
1.34573
18.66236
-1.77839
2.59451
8.49833
-2.64852
1.14919
18.21306
-1.91507
0.98436
18.03555
-2.20868
0.11046
18.03444
-2.46292
0.11046
18.03444
-2.46292
0.10995
18.2053
-2.15837
1.14919
18.21306
-1.91507
0.59446
22.90055
-1.13141
1e-005
22.90055
-1.26376
1e-005
23.42136
-1.14298
1e-005
23.42136
-1.14298
0.82912
23.42136
-0.98479
0.59446
22.90055
-1.13141
1.29788
23.23353
-0.47826
1.01699
23.5371
-0.47665
0.55873
23.53709
0.81485
0.55873
23.53709
0.81485
0.75154
23.23353
1.06149
1.29788
23.23353
-0.47826
0.75154
23.23353
1.06149
0.55873
23.53709
0.81485
1e-005
23.5371
0.81485
1e-005
23.5371
0.81485
1e-005
23.23353
1.06149
0.75154
23.23353
1.06149
1e-005
23.25647
-1.6481
1e-005
23.5371
-1.26376
0.59447
23.5371
-1.13141
0.59447
23.5371
-1.13141
0.72317
23.26115
-1.35646
1e-005
23.25647
-1.6481
0.72317
23.26115
-1.35646
0.59447
23.5371
-1.13141
0.82912
23.5371
-0.98479
0.82912
23.5371
-0.98479
1.05213
23.23353
-1.14298
0.72317
23.26115
-1.35646
1.05213
23.23353
-1.14298
0.82912
23.5371
-0.98479
1.01699
23.5371
-0.47665
1.01699
23.5371
-0.47665
1.29788
23.23353
-0.47826
1.05213
23.23353
-1.14298
0.55873
23.53709
0.81485
0.55873
22.90054
0.81485
1e-005
22.90055
0.81485
1e-005
22.90055
0.81485
1e-005
23.5371
0.81485
0.55873
23.53709
0.81485
1e-005
23.5371
-1.26376
1e-005
22.90055
-1.26376
0.59446
22.90055
-1.13141
0.59446
22.90055
-1.13141
0.59447
23.5371
-1.13141
1e-005
23.5371
-1.26376
0.59447
23.5371
-1.13141
0.59446
22.90055
-1.13141
0.82912
23.42136
-0.98479
0.82912
23.42136
-0.98479
0.82912
23.5371
-0.98479
0.59447
23.5371
-1.13141
1.01699
23.42136
-0.47665
1.01699
22.9143
-0.47665
1e-005
22.9143
-0.47826
1e-005
22.9143
-0.47826
1e-005
23.42136
-0.47826
1.01699
23.42136
-0.47665
1e-005
23.42136
-0.07126
0.86861
23.42136
-0.05848
0.86862
22.9143
-0.05848
0.86862
22.9143
-0.05848
1e-005
22.9143
-0.07126
1e-005
23.42136
-0.07126
0.70711
23.42136
0.39669
0.70711
22.9143
0.39669
1e-005
22.9143
0.40786
1e-005
22.9143
0.40786
1e-005
23.42136
0.40786
0.70711
23.42136
0.39669
1e-005
23.42136
-0.81062
0.92306
23.42136
-0.73072
0.92306
22.9143
-0.73072
0.92306
22.9143
-0.73072
1e-005
22.9143
-0.81062
1e-005
23.42136
-0.81062
0.55873
22.90054
0.81485
0.70711
23.42136
0.39669
1e-005
23.42136
0.40786
1e-005
23.42136
0.40786
1e-005
22.90055
0.81485
0.55873
22.90054
0.81485
1.01699
22.9143
-0.47665
0.92306
23.42136
-0.73072
1e-005
23.42136
-0.81062
1e-005
23.42136
-0.81062
1e-005
22.9143
-0.47826
1.01699
22.9143
-0.47665
0.86862
22.9143
-0.05848
1.01699
23.42136
-0.47665
1e-005
23.42136
-0.47826
1e-005
23.42136
-0.47826
1e-005
22.9143
-0.07126
0.86862
22.9143
-0.05848
0.70711
22.9143
0.39669
0.86861
23.42136
-0.05848
1e-005
23.42136
-0.07126
1e-005
23.42136
-0.07126
1e-005
22.9143
0.40786
0.70711
22.9143
0.39669
0.92306
22.9143
-0.73072
0.82912
23.42136
-0.98479
1e-005
23.42136
-1.14298
1e-005
23.42136
-1.14298
1e-005
22.9143
-0.81062
0.92306
22.9143
-0.73072
0.70711
23.42136
0.39669
0.55873
22.90054
0.81485
0.55873
23.53709
0.81485
0.92306
23.42136
-0.73072
1.01699
22.9143
-0.47665
1.01699
23.42136
-0.47665
1.01699
23.42136
-0.47665
0.86862
22.9143
-0.05848
0.86861
23.42136
-0.05848
0.86861
23.42136
-0.05848
0.70711
22.9143
0.39669
0.70711
23.42136
0.39669
0.82912
23.42136
-0.98479
0.92306
22.9143
-0.73072
0.92306
23.42136
-0.73072
0.92306
23.42136
-0.73072
0.82912
23.5371
-0.98479
0.82912
23.42136
-0.98479
1.01699
23.42136
-0.47665
1.01699
23.5371
-0.47665
0.82912
23.5371
-0.98479
0.82912
23.5371
-0.98479
0.92306
23.42136
-0.73072
1.01699
23.42136
-0.47665
0.86861
23.42136
-0.05848
1.01699
23.5371
-0.47665
1.01699
23.42136
-0.47665
0.70711
23.42136
0.39669
0.55873
23.53709
0.81485
1.01699
23.5371
-0.47665
1.01699
23.5371
-0.47665
0.86861
23.42136
-0.05848
0.70711
23.42136
0.39669
1.34573
18.66236
-1.77839
1.14823
18.60376
-1.92192
0.10899
18.596
-2.16522
0.10899
18.596
-2.16522
1e-005
18.65727
-2.09485
1.34573
18.66236
-1.77839
1e-005
18.65727
-2.09485
0.10899
18.596
-2.16522
0.10949
18.42514
-2.46978
0.10949
18.42514
-2.46978
1e-005
18.36178
-2.5987
1e-005
18.65727
-2.09485
1e-005
18.36178
-2.5987
0.10949
18.42514
-2.46978
0.98339
18.42625
-2.21553
0.98339
18.42625
-2.21553
1.06064
18.3667
-2.29117
1e-005
18.36178
-2.5987
1.06064
18.3667
-2.29117
0.98339
18.42625
-2.21553
1.14823
18.60376
-1.92192
1.14823
18.60376
-1.92192
1.34573
18.66236
-1.77839
1.06064
18.3667
-2.29117
1.14823
18.60376
-1.92192
1.14919
18.21306
-1.91507
0.10995
18.2053
-2.15837
0.10995
18.2053
-2.15837
0.10899
18.596
-2.16522
1.14823
18.60376
-1.92192
0.10899
18.596
-2.16522
0.10995
18.2053
-2.15837
0.11046
18.03444
-2.46292
0.11046
18.03444
-2.46292
0.10949
18.42514
-2.46978
0.10899
18.596
-2.16522
0.10949
18.42514
-2.46978
0.11046
18.03444
-2.46292
0.98436
18.03555
-2.20868
0.98436
18.03555
-2.20868
0.98339
18.42625
-2.21553
0.10949
18.42514
-2.46978
0.98339
18.42625
-2.21553
0.98436
18.03555
-2.20868
1.14919
18.21306
-1.91507
1.14919
18.21306
-1.91507
1.14823
18.60376
-1.92192
0.98339
18.42625
-2.21553
3.89423
8.49335
-1.80987
4.72005
4.9956
-1.615
6.16667
-1.61513
-1.70962
6.16667
-1.61513
-1.70962
6.207
-2.07167
-2.0265
3.89423
8.49335
-1.80987
6.207
-2.07167
-2.0265
6.16667
-1.61513
-1.70962
6.35109
-1.62239
-0.89843
6.35109
-1.62239
-0.89843
6.51559
-2.09151
-0.59963
6.207
-2.07167
-2.0265
6.51559
-2.09151
-0.59963
6.35109
-1.62239
-0.89843
4.85449
4.99149
-0.82116
4.85449
4.99149
-0.82116
4.14869
8.49335
-0.40238
6.51559
-2.09151
-0.59963
4.14869
8.49335
-0.40238
4.85449
4.99149
-0.82116
4.72005
4.9956
-1.615
4.72005
4.9956
-1.615
3.89423
8.49335
-1.80987
4.14869
8.49335
-0.40238
4.72005
4.9956
-1.615
13.161
6.23854
-2.4898
13.24834
-0.60794
-1.8826
13.24834
-0.60794
-1.8826
6.16667
-1.61513
-1.70962
4.72005
4.9956
-1.615
6.16667
-1.61513
-1.70962
13.24834
-0.60794
-1.8826
11.82693
-1.19802
-1.04529
11.82693
-1.19802
-1.04529
6.35109
-1.62239
-0.89843
6.16667
-1.61513
-1.70962
6.35109
-1.62239
-0.89843
11.82693
-1.19802
-1.04529
10.6791
6.83934
-1.4344
10.6791
6.83934
-1.4344
4.85449
4.99149
-0.82116
6.35109
-1.62239
-0.89843
4.85449
4.99149
-0.82116
10.6791
6.83934
-1.4344
13.161
6.23854
-2.4898
13.161
6.23854
-2.4898
4.72005
4.9956
-1.615
4.85449
4.99149
-0.82116
13.83202
15.60549
0
13.83203
10.32973
-2.38015
8.54287
10.07377
-0.59162
8.54287
10.07377
-0.59162
8.43471
11.28751
0
13.83202
15.60549
0
13.83203
10.32973
-2.38015
13.83202
15.60549
0
19.22934
11.28753
1e-005
19.22934
11.28753
1e-005
19.12119
10.07378
-0.59161
13.83203
10.32973
-2.38015
13.83203
10.32973
2.38015
13.83202
15.60549
0
8.43471
11.28751
0
8.43471
11.28751
0
8.54287
10.07376
0.59162
13.83203
10.32973
2.38015
13.83202
15.60549
0
13.83203
10.32973
2.38015
19.1212
10.07378
0.59163
19.1212
10.07378
0.59163
19.22934
11.28753
1e-005
13.83202
15.60549
0
13.83202
13.0928
3.49593
13.83203
7.9214
2.86802
20.03276
7.46244
0.29212
20.03276
7.46244
0.29212
21.8844
13.0928
0.21734
13.83202
13.0928
3.49593
14.5033
13.0928
-3.22261
21.8844
13.0928
-0.21733
20.04397
7.4794
-0.16986
20.04397
7.4794
-0.16986
14.48625
8.08084
-2.74681
14.5033
13.0928
-3.22261
13.16075
13.0928
-3.22261
13.17781
8.08084
-2.74681
7.62009
7.47942
-0.16986
7.62009
7.47942
-0.16986
5.77965
13.09279
-0.21734
13.16075
13.0928
-3.22261
13.83202
13.0928
3.49593
5.77965
13.09279
0.21734
7.6313
7.46246
0.29212
7.6313
7.46246
0.29212
13.83203
7.9214
2.86802
13.83202
13.0928
3.49593
13.57085
-10.10352
0.41176
13.32335
-9.99525
-0.02895
13.59195
-9.90839
-0.69546
13.83205
-10.12084
0.50998
13.57085
-10.10352
0.41176
13.59195
-9.90839
-0.69546
13.59195
-9.90839
-0.69546
14.07217
-9.90842
-0.69546
14.34079
-9.9953
-0.02896
13.83205
-10.12084
0.50998
13.59195
-9.90839
-0.69546
14.34079
-9.9953
-0.02896
13.83205
-10.12084
0.50998
14.34079
-9.9953
-0.02896
14.09328
-10.10355
0.41175
14.17231
-10.50911
0.49952
15.10867
-7.88859
0.44128
13.83204
-8.45727
0.87934
13.83204
-8.45727
0.87934
13.83204
-10.53165
0.62747
14.17231
-10.50911
0.49952
14.31926
-8.16541
-1.06829
15.24636
-7.80521
-0.13072
14.46051
-10.38798
-0.01401
14.46051
-10.38798
-0.01401
14.14841
-10.28207
-0.78805
14.31926
-8.16541
-1.06829
13.20359
-10.38792
-0.014
12.41774
-7.80516
-0.13071
13.34483
-8.1654
-1.06828
13.34483
-8.1654
-1.06828
13.51567
-10.28204
-0.78805
13.20359
-10.38792
-0.014
13.83204
-8.45727
0.87934
12.55543
-7.88856
0.44128
13.49179
-10.50908
0.49953
13.49179
-10.50908
0.49953
13.83204
-10.53165
0.62747
13.83204
-8.45727
0.87934
20.03276
7.46244
0.29212
13.83203
7.9214
2.86802
13.83203
-2.26324
1.63141
13.83203
-2.26324
1.63141
16.96244
-1.99802
0.40012
20.03276
7.46244
0.29212
14.48625
8.08084
-2.74681
20.04397
7.4794
-0.16986
17.01662
-1.97361
-0.11464
17.01662
-1.97361
-0.11464
14.43784
-2.08599
-1.74189
14.48625
8.08084
-2.74681
13.83203
7.9214
2.86802
7.6313
7.46246
0.29212
10.70164
-1.99798
0.40013
10.70164
-1.99798
0.40013
13.83203
-2.26324
1.63141
13.83203
7.9214
2.86802
16.96244
-1.99802
0.40012
13.83203
-2.26324
1.63141
13.83204
-8.45727
0.87934
13.83204
-8.45727
0.87934
15.10867
-7.88859
0.44128
16.96244
-1.99802
0.40012
14.43784
-2.08599
-1.74189
17.01662
-1.97361
-0.11464
15.24636
-7.80521
-0.13072
15.24636
-7.80521
-0.13072
14.31926
-8.16541
-1.06829
14.43784
-2.08599
-1.74189
10.64746
-1.97357
-0.11464
13.22623
-2.08598
-1.74189
13.34483
-8.1654
-1.06828
13.34483
-8.1654
-1.06828
12.41774
-7.80516
-0.13071
10.64746
-1.97357
-0.11464
13.83203
-2.26324
1.63141
10.70164
-1.99798
0.40013
12.55543
-7.88856
0.44128
12.55543
-7.88856
0.44128
13.83204
-8.45727
0.87934
13.83203
-2.26324
1.63141
13.17781
8.08084
-2.74681
13.161
6.23854
-2.4898
10.6791
6.83934
-1.4344
10.6791
6.83934
-1.4344
7.62009
7.47942
-0.16986
13.17781
8.08084
-2.74681
7.62009
7.47942
-0.16986
10.6791
6.83934
-1.4344
11.82693
-1.19802
-1.04529
11.82693
-1.19802
-1.04529
10.64746
-1.97357
-0.11464
7.62009
7.47942
-0.16986
10.64746
-1.97357
-0.11464
11.82693
-1.19802
-1.04529
13.24834
-0.60794
-1.8826
13.24834
-0.60794
-1.8826
13.22623
-2.08598
-1.74189
10.64746
-1.97357
-0.11464
19.1212
10.07378
0.59163
19.12119
10.07378
-0.59161
19.22934
11.28753
1e-005
8.54287
10.07377
-0.59162
8.54287
10.07376
0.59162
8.43471
11.28751
0
21.8844
13.0928
0.21734
20.03276
7.46244
0.29212
20.04397
7.4794
-0.16986
20.04397
7.4794
-0.16986
21.8844
13.0928
-0.21733
21.8844
13.0928
0.21734
5.77965
13.09279
-0.21734
7.62009
7.47942
-0.16986
7.6313
7.46246
0.29212
7.6313
7.46246
0.29212
5.77965
13.09279
0.21734
5.77965
13.09279
-0.21734
15.10867
-7.88859
0.44128
14.17231
-10.50911
0.49952
14.46051
-10.38798
-0.01401
14.46051
-10.38798
-0.01401
15.24636
-7.80521
-0.13072
15.10867
-7.88859
0.44128
12.41774
-7.80516
-0.13071
13.20359
-10.38792
-0.014
13.49179
-10.50908
0.49953
13.49179
-10.50908
0.49953
12.55543
-7.88856
0.44128
12.41774
-7.80516
-0.13071
17.01662
-1.97361
-0.11464
20.04397
7.4794
-0.16986
20.03276
7.46244
0.29212
20.03276
7.46244
0.29212
16.96244
-1.99802
0.40012
17.01662
-1.97361
-0.11464
7.62009
7.47942
-0.16986
10.64746
-1.97357
-0.11464
10.70164
-1.99798
0.40013
10.70164
-1.99798
0.40013
7.6313
7.46246
0.29212
7.62009
7.47942
-0.16986
16.96244
-1.99802
0.40012
15.10867
-7.88859
0.44128
15.24636
-7.80521
-0.13072
15.24636
-7.80521
-0.13072
17.01662
-1.97361
-0.11464
16.96244
-1.99802
0.40012
10.64746
-1.97357
-0.11464
12.41774
-7.80516
-0.13071
12.55543
-7.88856
0.44128
12.55543
-7.88856
0.44128
10.70164
-1.99798
0.40013
10.64746
-1.97357
-0.11464
13.17781
8.08084
-2.74681
14.48625
8.08084
-2.74681
13.161
6.23854
-2.4898
13.24834
-0.60794
-1.8826
14.43784
-2.08599
-1.74189
13.22623
-2.08598
-1.74189
14.5033
13.0928
-3.22261
14.48625
8.08084
-2.74681
13.17781
8.08084
-2.74681
13.17781
8.08084
-2.74681
13.16075
13.0928
-3.22261
14.5033
13.0928
-3.22261
14.31926
-8.16541
-1.06829
14.14841
-10.28207
-0.78805
13.51567
-10.28204
-0.78805
13.51567
-10.28204
-0.78805
13.34483
-8.1654
-1.06828
14.31926
-8.16541
-1.06829
13.24834
-0.60794
-1.8826
13.161
6.23854
-2.4898
14.48625
8.08084
-2.74681
14.48625
8.08084
-2.74681
14.43784
-2.08599
-1.74189
13.24834
-0.60794
-1.8826
14.43784
-2.08599
-1.74189
14.31926
-8.16541
-1.06829
13.34483
-8.1654
-1.06828
13.34483
-8.1654
-1.06828
13.22623
-2.08598
-1.74189
14.43784
-2.08599
-1.74189
13.16075
13.0928
-3.22261
13.83203
10.32973
-2.38015
14.5033
13.0928
-3.22261
13.83204
-10.53165
0.62747
13.83204
-10.51236
0.51838
14.09327
-10.49506
0.42015
14.09327
-10.49506
0.42015
14.17231
-10.50911
0.49952
13.83204
-10.53165
0.62747
14.17231
-10.50911
0.49952
14.09327
-10.49506
0.42015
14.34077
-10.38681
-0.02056
14.34077
-10.38681
-0.02056
14.46051
-10.38798
-0.01401
14.17231
-10.50911
0.49952
14.46051
-10.38798
-0.01401
14.34077
-10.38681
-0.02056
14.07216
-10.29993
-0.68707
14.07216
-10.29993
-0.68707
14.14841
-10.28207
-0.78805
14.46051
-10.38798
-0.01401
14.14841
-10.28207
-0.78805
14.07216
-10.29993
-0.68707
13.59193
-10.29991
-0.68706
13.59193
-10.29991
-0.68706
13.51567
-10.28204
-0.78805
14.14841
-10.28207
-0.78805
13.51567
-10.28204
-0.78805
13.59193
-10.29991
-0.68706
13.32333
-10.38676
-0.02055
13.32333
-10.38676
-0.02055
13.20359
-10.38792
-0.014
13.51567
-10.28204
-0.78805
13.20359
-10.38792
-0.014
13.32333
-10.38676
-0.02055
13.57084
-10.49504
0.42016
13.57084
-10.49504
0.42016
13.49179
-10.50908
0.49953
13.20359
-10.38792
-0.014
13.49179
-10.50908
0.49953
13.57084
-10.49504
0.42016
13.83204
-10.51236
0.51838
13.83204
-10.51236
0.51838
13.83204
-10.53165
0.62747
13.49179
-10.50908
0.49953
13.83204
-10.51236
0.51838
13.83205
-10.12084
0.50998
14.09328
-10.10355
0.41175
14.09328
-10.10355
0.41175
14.09327
-10.49506
0.42015
13.83204
-10.51236
0.51838
14.09327
-10.49506
0.42015
14.09328
-10.10355
0.41175
14.34079
-9.9953
-0.02896
14.34079
-9.9953
-0.02896
14.34077
-10.38681
-0.02056
14.09327
-10.49506
0.42015
14.34077
-10.38681
-0.02056
14.34079
-9.9953
-0.02896
14.07217
-9.90842
-0.69546
14.07217
-9.90842
-0.69546
14.07216
-10.29993
-0.68707
14.34077
-10.38681
-0.02056
14.07216
-10.29993
-0.68707
14.07217
-9.90842
-0.69546
13.59195
-9.90839
-0.69546
13.59195
-9.90839
-0.69546
13.59193
-10.29991
-0.68706
14.07216
-10.29993
-0.68707
13.59193
-10.29991
-0.68706
13.59195
-9.90839
-0.69546
13.32335
-9.99525
-0.02895
13.32335
-9.99525
-0.02895
13.32333
-10.38676
-0.02055
13.59193
-10.29991
-0.68706
13.32333
-10.38676
-0.02055
13.32335
-9.99525
-0.02895
13.57085
-10.10352
0.41176
13.57085
-10.10352
0.41176
13.57084
-10.49504
0.42016
13.32333
-10.38676
-0.02055
13.57084
-10.49504
0.42016
13.57085
-10.10352
0.41176
13.83205
-10.12084
0.50998
13.83205
-10.12084
0.50998
13.83204
-10.51236
0.51838
13.57084
-10.49504
0.42016
19.1212
10.07378
0.59163
20.26093
10.07379
0.38795
20.26093
10.07379
-0.38793
20.26093
10.07379
-0.38793
19.12119
10.07378
-0.59161
19.1212
10.07378
0.59163
8.54287
10.07377
-0.59162
7.46626
10.07377
-0.38793
7.46627
10.07377
0.38794
7.46627
10.07377
0.38794
8.54287
10.07376
0.59162
8.54287
10.07377
-0.59162
20.26093
10.07379
0.38795
21.8844
13.0928
0.21734
21.8844
13.0928
-0.21733
21.8844
13.0928
-0.21733
20.26093
10.07379
-0.38793
20.26093
10.07379
0.38795
7.46626
10.07377
-0.38793
5.77965
13.09279
-0.21734
5.77965
13.09279
0.21734
5.77965
13.09279
0.21734
7.46627
10.07377
0.38794
7.46626
10.07377
-0.38793
5.77965
13.09279
-0.21734
8.54287
10.07377
-0.59162
13.83203
10.32973
-2.38015
13.83203
10.32973
-2.38015
13.16075
13.0928
-3.22261
5.77965
13.09279
-0.21734
14.5033
13.0928
-3.22261
13.83203
10.32973
-2.38015
19.12119
10.07378
-0.59161
19.12119
10.07378
-0.59161
21.8844
13.0928
-0.21733
14.5033
13.0928
-3.22261
21.8844
13.0928
0.21734
19.1212
10.07378
0.59163
13.83203
10.32973
2.38015
13.83203
10.32973
2.38015
13.83202
13.0928
3.49593
21.8844
13.0928
0.21734
13.83202
13.0928
3.49593
13.83203
10.32973
2.38015
8.54287
10.07376
0.59162
8.54287
10.07376
0.59162
5.77965
13.09279
0.21734
13.83202
13.0928
3.49593
20.26093
10.07379
0.38795
19.1212
10.07378
0.59163
21.8844
13.0928
0.21734
20.26093
10.07379
-0.38793
21.8844
13.0928
-0.21733
19.12119
10.07378
-0.59161
7.46626
10.07377
-0.38793
8.54287
10.07377
-0.59162
5.77965
13.09279
-0.21734
7.46627
10.07377
0.38794
5.77965
13.09279
0.21734
8.54287
10.07376
0.59162
19.76111
10.00885
0.40798
20.16007
10.00885
0.00903
20.16007
12.10995
0.00903
20.16007
12.10995
0.00903
19.76111
12.10995
0.40798
19.76111
10.00885
0.40798
19.76111
12.10995
0.40798
20.16007
12.10995
0.00903
20.34921
12.23587
0.00902
20.34921
12.23587
0.00902
19.76111
12.23587
0.59712
19.76111
12.10995
0.40798
19.76111
12.23587
0.59712
20.34921
12.23587
0.00902
20.34921
12.79363
0.00903
20.34921
12.79363
0.00903
19.76111
12.79363
0.59712
19.76111
12.23587
0.59712
19.76111
12.79363
0.59712
20.34921
12.79363
0.00903
20.45162
12.89119
0.00903
20.45162
12.89119
0.00903
19.76111
12.89119
0.69954
19.76111
12.79363
0.59712
19.76111
12.89119
0.69954
20.45162
12.89119
0.00903
20.45162
13.9267
0.00902
20.45162
13.9267
0.00902
19.76111
13.9267
0.69954
19.76111
12.89119
0.69954
19.76111
13.9267
0.69954
20.45162
13.9267
0.00902
20.22351
14.08084
0.00903
20.22351
14.08084
0.00903
19.76111
14.08084
0.47142
19.76111
13.9267
0.69954
19.76111
14.08084
0.47142
20.22351
14.08084
0.00903
20.22351
12.89119
0.00903
20.22351
12.89119
0.00903
19.76111
12.89119
0.47143
19.76111
14.08084
0.47142
19.76111
12.89119
0.47143
20.22351
12.89119
0.00903
20.15493
12.79363
0.00903
20.15493
12.79363
0.00903
19.76111
12.79363
0.40284
19.76111
12.89119
0.47143
19.76111
12.79363
0.40284
20.15493
12.79363
0.00903
20.15493
12.23587
0.00902
20.15493
12.23587
0.00902
19.76111
12.23587
0.40284
19.76111
12.79363
0.40284
19.76111
12.23587
0.40284
20.15493
12.23587
0.00902
20.02827
12.10995
0.00903
20.02827
12.10995
0.00903
19.76111
12.10995
0.27619
19.76111
12.23587
0.40284
19.76111
12.10995
0.27619
20.02827
12.10995
0.00903
20.02827
10.00885
0.00903
20.02827
10.00885
0.00903
19.76111
10.00885
0.27619
19.76111
12.10995
0.27619
19.76111
10.00885
0.27619
20.02827
10.00885
0.00903
20.16007
10.00885
0.00903
20.16007
10.00885
0.00903
19.76111
10.00885
0.40798
19.76111
10.00885
0.27619
20.16007
10.00885
0.00903
19.76111
10.00885
-0.38993
19.76111
12.10995
-0.38993
19.76111
12.10995
-0.38993
20.16007
12.10995
0.00903
20.16007
10.00885
0.00903
20.16007
12.10995
0.00903
19.76111
12.10995
-0.38993
19.76111
12.23587
-0.57907
19.76111
12.23587
-0.57907
20.34921
12.23587
0.00902
20.16007
12.10995
0.00903
20.34921
12.23587
0.00902
19.76111
12.23587
-0.57907
19.76111
12.79363
-0.57907
19.76111
12.79363
-0.57907
20.34921
12.79363
0.00903
20.34921
12.23587
0.00902
20.34921
12.79363
0.00903
19.76111
12.79363
-0.57907
19.76111
12.89119
-0.68149
19.76111
12.89119
-0.68149
20.45162
12.89119
0.00903
20.34921
12.79363
0.00903
20.45162
12.89119
0.00903
19.76111
12.89119
-0.68149
19.76111
13.9267
-0.68149
19.76111
13.9267
-0.68149
20.45162
13.9267
0.00902
20.45162
12.89119
0.00903
20.45162
13.9267
0.00902
19.76111
13.9267
-0.68149
19.76111
14.08083
-0.45338
19.76111
14.08083
-0.45338
20.22351
14.08084
0.00903
20.45162
13.9267
0.00902
20.22351
14.08084
0.00903
19.76111
14.08083
-0.45338
19.76111
12.89119
-0.45337
19.76111
12.89119
-0.45337
20.22351
12.89119
0.00903
20.22351
14.08084
0.00903
20.22351
12.89119
0.00903
19.76111
12.89119
-0.45337
19.76111
12.79363
-0.38479
19.76111
12.79363
-0.38479
20.15493
12.79363
0.00903
20.22351
12.89119
0.00903
20.15493
12.79363
0.00903
19.76111
12.79363
-0.38479
19.76111
12.23587
-0.38479
19.76111
12.23587
-0.38479
20.15493
12.23587
0.00902
20.15493
12.79363
0.00903
20.15493
12.23587
0.00902
19.76111
12.23587
-0.38479
19.76111
12.10995
-0.25814
19.76111
12.10995
-0.25814
20.02827
12.10995
0.00903
20.15493
12.23587
0.00902
20.02827
12.10995
0.00903
19.76111
12.10995
-0.25814
19.76111
10.00885
-0.25814
19.76111
10.00885
-0.25814
20.02827
10.00885
0.00903
20.02827
12.10995
0.00903
20.02827
10.00885
0.00903
19.76111
10.00885
-0.25814
19.76111
10.00885
-0.38993
19.76111
10.00885
-0.38993
20.16007
10.00885
0.00903
20.02827
10.00885
0.00903
19.76111
10.00885
-0.38993
19.36215
10.00885
0.00903
19.36215
12.10995
0.00903
19.36215
12.10995
0.00903
19.76111
12.10995
-0.38993
19.76111
10.00885
-0.38993
19.76111
12.10995
-0.38993
19.36215
12.10995
0.00903
19.17301
12.23587
0.00903
19.17301
12.23587
0.00903
19.76111
12.23587
-0.57907
19.76111
12.10995
-0.38993
19.76111
12.23587
-0.57907
19.17301
12.23587
0.00903
19.17301
12.79363
0.00903
19.17301
12.79363
0.00903
19.76111
12.79363
-0.57907
19.76111
12.23587
-0.57907
19.76111
12.79363
-0.57907
19.17301
12.79363
0.00903
19.0706
12.89119
0.00903
19.0706
12.89119
0.00903
19.76111
12.89119
-0.68149
19.76111
12.79363
-0.57907
19.76111
12.89119
-0.68149
19.0706
12.89119
0.00903
19.0706
13.9267
0.00902
19.0706
13.9267
0.00902
19.76111
13.9267
-0.68149
19.76111
12.89119
-0.68149
19.76111
13.9267
-0.68149
19.0706
13.9267
0.00902
19.29871
14.08084
0.00902
19.29871
14.08084
0.00902
19.76111
14.08083
-0.45338
19.76111
13.9267
-0.68149
19.76111
14.08083
-0.45338
19.29871
14.08084
0.00902
19.29871
12.89119
0.00903
19.29871
12.89119
0.00903
19.76111
12.89119
-0.45337
19.76111
14.08083
-0.45338
19.76111
12.89119
-0.45337
19.29871
12.89119
0.00903
19.36729
12.79363
0.00903
19.36729
12.79363
0.00903
19.76111
12.79363
-0.38479
19.76111
12.89119
-0.45337
19.76111
12.79363
-0.38479
19.36729
12.79363
0.00903
19.36729
12.23587
0.00902
19.36729
12.23587
0.00902
19.76111
12.23587
-0.38479
19.76111
12.79363
-0.38479
19.76111
12.23587
-0.38479
19.36729
12.23587
0.00902
19.49395
12.10995
0.00902
19.49395
12.10995
0.00902
19.76111
12.10995
-0.25814
19.76111
12.23587
-0.38479
19.76111
12.10995
-0.25814
19.49395
12.10995
0.00902
19.49395
10.00885
0.00903
19.49395
10.00885
0.00903
19.76111
10.00885
-0.25814
19.76111
12.10995
-0.25814
19.76111
10.00885
-0.25814
19.49395
10.00885
0.00903
19.36215
10.00885
0.00903
19.36215
10.00885
0.00903
19.76111
10.00885
-0.38993
19.76111
10.00885
-0.25814
19.36215
10.00885
0.00903
19.76111
10.00885
0.40798
19.76111
12.10995
0.40798
19.76111
12.10995
0.40798
19.36215
12.10995
0.00903
19.36215
10.00885
0.00903
19.36215
12.10995
0.00903
19.76111
12.10995
0.40798
19.76111
12.23587
0.59712
19.76111
12.23587
0.59712
19.17301
12.23587
0.00903
19.36215
12.10995
0.00903
19.17301
12.23587
0.00903
19.76111
12.23587
0.59712
19.76111
12.79363
0.59712
19.76111
12.79363
0.59712
19.17301
12.79363
0.00903
19.17301
12.23587
0.00903
19.17301
12.79363
0.00903
19.76111
12.79363
0.59712
19.76111
12.89119
0.69954
19.76111
12.89119
0.69954
19.0706
12.89119
0.00903
19.17301
12.79363
0.00903
19.0706
12.89119
0.00903
19.76111
12.89119
0.69954
19.76111
13.9267
0.69954
19.76111
13.9267
0.69954
19.0706
13.9267
0.00902
19.0706
12.89119
0.00903
19.0706
13.9267
0.00902
19.76111
13.9267
0.69954
19.76111
14.08084
0.47142
19.76111
14.08084
0.47142
19.29871
14.08084
0.00902
19.0706
13.9267
0.00902
19.29871
14.08084
0.00902
19.76111
14.08084
0.47142
19.76111
12.89119
0.47143
19.76111
12.89119
0.47143
19.29871
12.89119
0.00903
19.29871
14.08084
0.00902
19.29871
12.89119
0.00903
19.76111
12.89119
0.47143
19.76111
12.79363
0.40284
19.76111
12.79363
0.40284
19.36729
12.79363
0.00903
19.29871
12.89119
0.00903
19.36729
12.79363
0.00903
19.76111
12.79363
0.40284
19.76111
12.23587
0.40284
19.76111
12.23587
0.40284
19.36729
12.23587
0.00902
19.36729
12.79363
0.00903
19.36729
12.23587
0.00902
19.76111
12.23587
0.40284
19.76111
12.10995
0.27619
19.76111
12.10995
0.27619
19.49395
12.10995
0.00902
19.36729
12.23587
0.00902
19.49395
12.10995
0.00902
19.76111
12.10995
0.27619
19.76111
10.00885
0.27619
19.76111
10.00885
0.27619
19.49395
10.00885
0.00903
19.49395
12.10995
0.00902
19.49395
10.00885
0.00903
19.76111
10.00885
0.27619
19.76111
10.00885
0.40798
19.76111
10.00885
0.40798
19.36215
10.00885
0.00903
19.49395
10.00885
0.00903
7.96397
10.00885
0.40798
8.36293
10.00885
0.00902
8.36293
12.10995
0.00902
8.36293
12.10995
0.00902
7.96397
12.10995
0.40798
7.96397
10.00885
0.40798
7.96397
12.10995
0.40798
8.36293
12.10995
0.00902
8.55207
12.23587
0.00902
8.55207
12.23587
0.00902
7.96397
12.23587
0.59712
7.96397
12.10995
0.40798
7.96397
12.23587
0.59712
8.55207
12.23587
0.00902
8.55207
12.79363
0.00902
8.55207
12.79363
0.00902
7.96397
12.79363
0.59712
7.96397
12.23587
0.59712
7.96397
12.79363
0.59712
8.55207
12.79363
0.00902
8.65448
12.89119
0.00902
8.65448
12.89119
0.00902
7.96397
12.89119
0.69953
7.96397
12.79363
0.59712
7.96397
12.89119
0.69953
8.65448
12.89119
0.00902
8.65448
13.9267
0.00902
8.65448
13.9267
0.00902
7.96397
13.9267
0.69953
7.96397
12.89119
0.69953
7.96397
13.9267
0.69953
8.65448
13.9267
0.00902
8.42637
14.08084
0.00902
8.42637
14.08084
0.00902
7.96397
14.08084
0.47142
7.96397
13.9267
0.69953
7.96397
14.08084
0.47142
8.42637
14.08084
0.00902
8.42637
12.89119
0.00902
8.42637
12.89119
0.00902
7.96397
12.89119
0.47142
7.96397
14.08084
0.47142
7.96397
12.89119
0.47142
8.42637
12.89119
0.00902
8.35779
12.79363
0.00902
8.35779
12.79363
0.00902
7.96397
12.79363
0.40284
7.96397
12.89119
0.47142
7.96397
12.79363
0.40284
8.35779
12.79363
0.00902
8.35779
12.23587
0.00902
8.35779
12.23587
0.00902
7.96397
12.23587
0.40284
7.96397
12.79363
0.40284
7.96397
12.23587
0.40284
8.35779
12.23587
0.00902
8.23113
12.10995
0.00902
8.23113
12.10995
0.00902
7.96397
12.10995
0.27618
7.96397
12.23587
0.40284
7.96397
12.10995
0.27618
8.23113
12.10995
0.00902
8.23113
10.00885
0.00902
8.23113
10.00885
0.00902
7.96397
10.00885
0.27618
7.96397
12.10995
0.27618
7.96397
10.00885
0.27618
8.23113
10.00885
0.00902
8.36293
10.00885
0.00902
8.36293
10.00885
0.00902
7.96397
10.00885
0.40798
7.96397
10.00885
0.27618
8.36293
10.00885
0.00902
7.96397
10.00885
-0.38994
7.96397
12.10995
-0.38994
7.96397
12.10995
-0.38994
8.36293
12.10995
0.00902
8.36293
10.00885
0.00902
8.36293
12.10995
0.00902
7.96397
12.10995
-0.38994
7.96397
12.23587
-0.57907
7.96397
12.23587
-0.57907
8.55207
12.23587
0.00902
8.36293
12.10995
0.00902
8.55207
12.23587
0.00902
7.96397
12.23587
-0.57907
7.96397
12.79363
-0.57907
7.96397
12.79363
-0.57907
8.55207
12.79363
0.00902
8.55207
12.23587
0.00902
8.55207
12.79363
0.00902
7.96397
12.79363
-0.57907
7.96397
12.89119
-0.68149
7.96397
12.89119
-0.68149
8.65448
12.89119
0.00902
8.55207
12.79363
0.00902
8.65448
12.89119
0.00902
7.96397
12.89119
-0.68149
7.96397
13.9267
-0.68149
7.96397
13.9267
-0.68149
8.65448
13.9267
0.00902
8.65448
12.89119
0.00902
8.65448
13.9267
0.00902
7.96397
13.9267
-0.68149
7.96397
14.08084
-0.45338
7.96397
14.08084
-0.45338
8.42637
14.08084
0.00902
8.65448
13.9267
0.00902
8.42637
14.08084
0.00902
7.96397
14.08084
-0.45338
7.96397
12.89119
-0.45338
7.96397
12.89119
-0.45338
8.42637
12.89119
0.00902
8.42637
14.08084
0.00902
8.42637
12.89119
0.00902
7.96397
12.89119
-0.45338
7.96397
12.79363
-0.3848
7.96397
12.79363
-0.3848
8.35779
12.79363
0.00902
8.42637
12.89119
0.00902
8.35779
12.79363
0.00902
7.96397
12.79363
-0.3848
7.96397
12.23587
-0.38479
7.96397
12.23587
-0.38479
8.35779
12.23587
0.00902
8.35779
12.79363
0.00902
8.35779
12.23587
0.00902
7.96397
12.23587
-0.38479
7.96397
12.10995
-0.25814
7.96397
12.10995
-0.25814
8.23113
12.10995
0.00902
8.35779
12.23587
0.00902
8.23113
12.10995
0.00902
7.96397
12.10995
-0.25814
7.96397
10.00885
-0.25814
7.96397
10.00885
-0.25814
8.23113
10.00885
0.00902
8.23113
12.10995
0.00902
8.23113
10.00885
0.00902
7.96397
10.00885
-0.25814
7.96397
10.00885
-0.38994
7.96397
10.00885
-0.38994
8.36293
10.00885
0.00902
8.23113
10.00885
0.00902
7.96397
10.00885
-0.38994
7.56501
10.00885
0.00902
7.56501
12.10995
0.00902
7.56501
12.10995
0.00902
7.96397
12.10995
-0.38994
7.96397
10.00885
-0.38994
7.96397
12.10995
-0.38994
7.56501
12.10995
0.00902
7.37587
12.23587
0.00902
7.37587
12.23587
0.00902
7.96397
12.23587
-0.57907
7.96397
12.10995
-0.38994
7.96397
12.23587
-0.57907
7.37587
12.23587
0.00902
7.37588
12.79363
0.00902
7.37588
12.79363
0.00902
7.96397
12.79363
-0.57907
7.96397
12.23587
-0.57907
7.96397
12.79363
-0.57907
7.37588
12.79363
0.00902
7.27346
12.89119
0.00902
7.27346
12.89119
0.00902
7.96397
12.89119
-0.68149
7.96397
12.79363
-0.57907
7.96397
12.89119
-0.68149
7.27346
12.89119
0.00902
7.27346
13.9267
0.00902
7.27346
13.9267
0.00902
7.96397
13.9267
-0.68149
7.96397
12.89119
-0.68149
7.96397
13.9267
-0.68149
7.27346
13.9267
0.00902
7.50157
14.08084
0.00902
7.50157
14.08084
0.00902
7.96397
14.08084
-0.45338
7.96397
13.9267
-0.68149
7.96397
14.08084
-0.45338
7.50157
14.08084
0.00902
7.50157
12.89119
0.00902
7.50157
12.89119
0.00902
7.96397
12.89119
-0.45338
7.96397
14.08084
-0.45338
7.96397
12.89119
-0.45338
7.50157
12.89119
0.00902
7.57015
12.79363
0.00902
7.57015
12.79363
0.00902
7.96397
12.79363
-0.3848
7.96397
12.89119
-0.45338
7.96397
12.79363
-0.3848
7.57015
12.79363
0.00902
7.57015
12.23587
0.00902
7.57015
12.23587
0.00902
7.96397
12.23587
-0.38479
7.96397
12.79363
-0.3848
7.96397
12.23587
-0.38479
7.57015
12.23587
0.00902
7.69681
12.10995
0.00902
7.69681
12.10995
0.00902
7.96397
12.10995
-0.25814
7.96397
12.23587
-0.38479
7.96397
12.10995
-0.25814
7.69681
12.10995
0.00902
7.69681
10.00885
0.00902
7.69681
10.00885
0.00902
7.96397
10.00885
-0.25814
7.96397
12.10995
-0.25814
7.96397
10.00885
-0.25814
7.69681
10.00885
0.00902
7.56501
10.00885
0.00902
7.56501
10.00885
0.00902
7.96397
10.00885
-0.38994
7.96397
10.00885
-0.25814
7.56501
10.00885
0.00902
7.96397
10.00885
0.40798
7.96397
12.10995
0.40798
7.96397
12.10995
0.40798
7.56501
12.10995
0.00902
7.56501
10.00885
0.00902
7.56501
12.10995
0.00902
7.96397
12.10995
0.40798
7.96397
12.23587
0.59712
7.96397
12.23587
0.59712
7.37587
12.23587
0.00902
7.56501
12.10995
0.00902
7.37587
12.23587
0.00902
7.96397
12.23587
0.59712
7.96397
12.79363
0.59712
7.96397
12.79363
0.59712
7.37588
12.79363
0.00902
7.37587
12.23587
0.00902
7.37588
12.79363
0.00902
7.96397
12.79363
0.59712
7.96397
12.89119
0.69953
7.96397
12.89119
0.69953
7.27346
12.89119
0.00902
7.37588
12.79363
0.00902
7.27346
12.89119
0.00902
7.96397
12.89119
0.69953
7.96397
13.9267
0.69953
7.96397
13.9267
0.69953
7.27346
13.9267
0.00902
7.27346
12.89119
0.00902
7.27346
13.9267
0.00902
7.96397
13.9267
0.69953
7.96397
14.08084
0.47142
7.96397
14.08084
0.47142
7.50157
14.08084
0.00902
7.27346
13.9267
0.00902
7.50157
14.08084
0.00902
7.96397
14.08084
0.47142
7.96397
12.89119
0.47142
7.96397
12.89119
0.47142
7.50157
12.89119
0.00902
7.50157
14.08084
0.00902
7.50157
12.89119
0.00902
7.96397
12.89119
0.47142
7.96397
12.79363
0.40284
7.96397
12.79363
0.40284
7.57015
12.79363
0.00902
7.50157
12.89119
0.00902
7.57015
12.79363
0.00902
7.96397
12.79363
0.40284
7.96397
12.23587
0.40284
7.96397
12.23587
0.40284
7.57015
12.23587
0.00902
7.57015
12.79363
0.00902
7.57015
12.23587
0.00902
7.96397
12.23587
0.40284
7.96397
12.10995
0.27618
7.96397
12.10995
0.27618
7.69681
12.10995
0.00902
7.57015
12.23587
0.00902
7.69681
12.10995
0.00902
7.96397
12.10995
0.27618
7.96397
10.00885
0.27618
7.96397
10.00885
0.27618
7.69681
10.00885
0.00902
7.69681
12.10995
0.00902
7.69681
10.00885
0.00902
7.96397
10.00885
0.27618
7.96397
10.00885
0.40798
7.96397
10.00885
0.40798
7.56501
10.00885
0.00902
7.69681
10.00885
0.00902
1e-005
-2.00699
6.93782
0.88209
-2.01668
6.92269
0.71191
8.34859
4.20896
0.71191
8.34859
4.20896
1e-005
8.34025
4.19592
1e-005
-2.00699
6.93782
1.35202
-12.14831
8.05585
3.14292
-12.14911
7.56312
2.014
-2.12709
6.69729
2.014
-2.12709
6.69729
0.88209
-2.01668
6.92269
1.35202
-12.14831
8.05585
0.88209
-2.01668
6.92269
2.014
-2.12709
6.69729
0.71191
8.34859
4.20896
3.10675
-11.32971
7.42904
3.13584
-2.2537
4.70127
2.0721
-2.13475
6.63519
2.0721
-2.13475
6.63519
3.13584
-2.2537
4.70127
0.87655
7.48419
4.35051
0
-18.33506
5.43088
0
-16.09139
5.03978
4.4916
-16.09138
0.54819
4.4916
-16.09138
0.54819
4.8827
-18.33505
0.54819
0
-18.33506
5.43088
4.8827
-18.33505
0.54819
4.4916
-16.09138
0.54819
1e-005
-16.09139
-3.94341
1e-005
-16.09139
-3.94341
1e-005
-18.33505
-4.33451
4.8827
-18.33505
0.54819
0
-19.74457
4.26327
0
-16.09139
3.82568
3.2775
-16.09138
0.54819
3.2775
-16.09138
0.54819
3.7151
-19.74456
0.54819
0
-19.74457
4.26327
3.7151
-19.74456
0.54819
3.2775
-16.09138
0.54819
1e-005
-16.09139
-2.72931
1e-005
-16.09139
-2.72931
0
-19.74457
-3.16691
3.7151
-19.74456
0.54819
0
-21.27059
3.1425
0
-16.09139
2.75511
2.20693
-16.09139
0.54819
2.20693
-16.09139
0.54819
2.59432
-21.27058
0.54819
0
-21.27059
3.1425
2.59432
-21.27058
0.54819
2.20693
-16.09139
0.54819
0
-16.09139
-1.65874
0
-16.09139
-1.65874
0
-21.27058
-2.04613
2.59432
-21.27058
0.54819