-6.06451
-16.8309
-1.35608
-5.37604
-12.25037
-1.02363
-1e-005
-12.25197
-2.58297
-1e-005
-12.25197
-2.58297
-1e-005
-16.84856
-3.05576
-6.06451
-16.8309
-1.35608
-2e-005
-12.22043
13.75146
-0.86221
-12.22042
13.75142
-0.87788
-16.81185
14.44982
-0.87788
-16.81185
14.44982
-2e-005
-16.81185
14.44982
-2e-005
-12.22043
13.75146
0
23.23353
4.50251
-0.75152
23.23353
4.50252
-0.76719
18.6421
5.63503
-0.76719
18.6421
5.63503
0
18.6421
5.635
0
23.23353
4.50251
-2e-005
-12.22043
13.75146
-1e-005
-2.07168
10.41236
-0.83097
-2.07167
10.41235
-0.83097
-2.07167
10.41235
-0.86221
-12.22042
13.75142
-2e-005
-12.22043
13.75146
-1e-005
8.49335
7.7507
0
18.6421
5.635
-0.76719
18.6421
5.63503
-0.76719
18.6421
5.63503
-0.79844
8.49335
7.75071
-1e-005
8.49335
7.7507
-3.25479
-12.22042
10.99892
-3.68793
-16.81184
11.09718
-1.43905
-16.81184
11.76586
-1.43905
-16.81184
11.76586
-1.29769
-12.22042
11.53411
-3.25479
-12.22042
10.99892
-1.29769
-12.22042
11.53411
-0.86221
-12.22042
13.75142
-0.83097
-2.07167
10.41235
-1.29769
-12.22042
11.53411
-1.43905
-16.81184
11.76586
-0.87788
-16.81185
14.44982
-0.87788
-16.81185
14.44982
-0.86221
-12.22042
13.75142
-1.29769
-12.22042
11.53411
-3.68793
-16.81184
11.09718
-3.25479
-12.22042
10.99892
-7.39504
-12.23508
4.85265
-3.68793
-16.81184
11.09718
-7.39504
-12.23508
4.85265
-8.7065
-12.23512
2.61206
-3.68793
-16.81184
11.09718
-8.7065
-12.23512
2.61206
-9.6447
-16.81184
2.50724
-3.25479
-12.22042
10.99892
-2.11159
-2.07167
10.12216
-2.16705
-2.09412
10.02871
-2.16705
-2.09412
10.02871
-3.2017
-11.28907
10.82255
-3.25479
-12.22042
10.99892
-2.11159
-2.07167
10.12216
-0.79844
8.49335
7.75071
-0.97149
7.52482
7.88197
-0.97149
7.52482
7.88197
-2.16705
-2.09412
10.02871
-2.11159
-2.07167
10.12216
-0.79844
8.49335
7.75071
-3.28586
-2.23821
7.99829
-3.23079
-2.21307
8.09479
-3.23079
-2.21307
8.09479
-0.97149
7.52482
7.88197
-0.79844
8.49335
7.75071
-3.28586
-2.23821
7.99829
-3.25479
-12.22042
10.99892
-3.2017
-11.28907
10.82255
-3.2017
-11.28907
10.82255
-3.23079
-2.21307
8.09479
-3.28586
-2.23821
7.99829
-3.2017
-11.28907
10.82255
-2.16705
-2.09412
10.02871
-2.0721
-2.13475
9.98495
-2.0721
-2.13475
9.98495
-3.10676
-11.32971
10.77879
-3.2017
-11.28907
10.82255
-2.16705
-2.09412
10.02871
-0.97149
7.52482
7.88197
-0.87654
7.48418
7.83822
-0.87654
7.48418
7.83822
-2.0721
-2.13475
9.98495
-2.16705
-2.09412
10.02871
-0.97149
7.52482
7.88197
-3.23079
-2.21307
8.09479
-3.13585
-2.25371
8.05103
-3.13585
-2.25371
8.05103
-0.87654
7.48418
7.83822
-0.97149
7.52482
7.88197
-3.23079
-2.21307
8.09479
-3.2017
-11.28907
10.82255
-3.10676
-11.32971
10.77879
-3.10676
-11.32971
10.77879
-3.13585
-2.25371
8.05103
-3.23079
-2.21307
8.09479
-1e-005
8.49335
7.7507
-0.79844
8.49335
7.75071
-0.73121
8.3928
7.79259
-0.73121
8.3928
7.79259
-1e-005
8.38446
7.77955
-1e-005
8.49335
7.7507
-0.79844
8.49335
7.75071
-2.11159
-2.07167
10.12216
-2.03331
-2.08288
10.14297
-2.03331
-2.08288
10.14297
-0.73121
8.3928
7.79259
-0.79844
8.49335
7.75071
-2.11159
-2.07167
10.12216
-3.25479
-12.22042
10.99892
-3.16223
-12.10489
11.00881
-3.16223
-12.10489
11.00881
-2.03331
-2.08288
10.14297
-2.11159
-2.07167
10.12216
-3.25479
-12.22042
10.99892
-1.29769
-12.22042
11.53411
-1.37134
-12.1041
11.50153
-1.37134
-12.1041
11.50153
-3.16223
-12.10489
11.00881
-3.25479
-12.22042
10.99892
-1.29769
-12.22042
11.53411
-0.83097
-2.07167
10.41235
-0.9014
-1.97247
10.36837
-0.9014
-1.97247
10.36837
-1.37134
-12.1041
11.50153
-1.29769
-12.22042
11.53411
-0.83097
-2.07167
10.41235
-1e-005
-2.07168
10.41236
-1e-005
-1.96278
10.38351
-1e-005
-1.96278
10.38351
-0.9014
-1.97247
10.36837
-0.83097
-2.07167
10.41235
-1e-005
8.38446
7.77955
-0.73121
8.3928
7.79259
-0.71191
8.34858
7.69667
-0.71191
8.34858
7.69667
-1e-005
8.34025
7.68363
-1e-005
8.38446
7.77955
-0.73121
8.3928
7.79259
-2.03331
-2.08288
10.14297
-2.014
-2.12709
10.04705
-2.014
-2.12709
10.04705
-0.71191
8.34858
7.69667
-0.73121
8.3928
7.79259
-2.03331
-2.08288
10.14297
-3.16223
-12.10489
11.00881
-3.14293
-12.14911
10.91288
-3.14293
-12.14911
10.91288
-2.014
-2.12709
10.04705
-2.03331
-2.08288
10.14297
-3.16223
-12.10489
11.00881
-1.37134
-12.1041
11.50153
-1.35203
-12.14831
11.40561
-1.35203
-12.14831
11.40561
-3.14293
-12.14911
10.91288
-3.16223
-12.10489
11.00881
-1.37134
-12.1041
11.50153
-0.9014
-1.97247
10.36837
-0.88209
-2.01668
10.27245
-0.88209
-2.01668
10.27245
-1.35203
-12.14831
11.40561
-1.37134
-12.1041
11.50153
-0.9014
-1.97247
10.36837
-1e-005
-1.96278
10.38351
-1e-005
-2.007
10.28758
-1e-005
-2.007
10.28758
-0.88209
-2.01668
10.27245
-0.9014
-1.97247
10.36837
-6.06451
-16.8309
-1.35608
-9.40752
-16.81184
1.09777
-8.43862
-12.23511
1.19595
-8.43862
-12.23511
1.19595
-5.37604
-12.25037
-1.02363
-6.06451
-16.8309
-1.35608
0
23.24875
1.73663
0
18.65216
1.26384
-1.34572
18.65546
1.58033
-1.34572
18.65546
1.58033
-0.72316
23.25179
2.0283
0
23.24875
1.73663
0
8.48374
-0.47097
-1e-005
-1.79714
-1.75068
-3.5987
-1.78594
-0.67274
-3.5987
-1.78594
-0.67274
-2.27419
8.49033
0.16437
0
8.48374
-0.47097
-1e-005
-1.79714
-1.75068
-1e-005
-11.67294
-2.97998
-4.97727
-11.6572
-1.46478
-4.97727
-11.6572
-1.46478
-3.5987
-1.78594
-0.67274
-1e-005
-1.79714
-1.75068
0
18.35953
0.75833
0
8.48374
-0.47097
-2.27419
8.49033
0.16437
-2.27419
8.49033
0.16437
-1.06063
18.36272
1.06589
0
18.35953
0.75833
-2e-005
-16.81184
11.76586
-1.43905
-16.81184
11.76586
-3.68793
-16.81184
11.09718
-3.68793
-16.81184
11.09718
-2e-005
-17.37931
10.96842
-2e-005
-16.81184
11.76586
-0.87788
-16.81185
14.44982
-1.43905
-16.81184
11.76586
-1.21294
-16.81184
11.93861
-1.21294
-16.81184
11.93861
-0.72401
-16.81185
14.27707
-0.87788
-16.81185
14.44982
-1.43905
-16.81184
11.76586
-2e-005
-16.81184
11.76586
-0.10076
-16.81184
11.93861
-0.10076
-16.81184
11.93861
-1.21294
-16.81184
11.93861
-1.43905
-16.81184
11.76586
-2e-005
-16.81184
11.76586
-2e-005
-16.81185
14.44982
-0.10076
-16.81185
14.27708
-0.10076
-16.81185
14.27708
-0.10076
-16.81184
11.93861
-2e-005
-16.81184
11.76586
-2e-005
-16.81185
14.44982
-0.87788
-16.81185
14.44982
-0.72401
-16.81185
14.27707
-0.72401
-16.81185
14.27707
-0.10076
-16.81185
14.27708
-2e-005
-16.81185
14.44982
-0.72401
-16.81185
14.27707
-1.21294
-16.81184
11.93861
-1.21294
-15.35334
11.93861
-1.21294
-15.35334
11.93861
-0.72401
-15.35335
13.86024
-0.72401
-16.81185
14.27707
-1.21294
-16.81184
11.93861
-0.10076
-16.81184
11.93861
-0.10076
-15.35334
11.93861
-0.10076
-15.35334
11.93861
-1.21294
-15.35334
11.93861
-1.21294
-16.81184
11.93861
-0.10076
-16.81184
11.93861
-0.10076
-16.81185
14.27708
-0.10076
-15.35335
13.86024
-0.10076
-15.35335
13.86024
-0.10076
-15.35334
11.93861
-0.10076
-16.81184
11.93861
-0.10076
-16.81185
14.27708
-0.72401
-16.81185
14.27707
-0.72401
-15.35335
13.86024
-0.72401
-15.35335
13.86024
-0.10076
-15.35335
13.86024
-0.10076
-16.81185
14.27708
-6.06451
-16.8309
-1.35608
-1e-005
-16.84856
-3.05576
-1e-005
-17.37932
-2.31463
-1e-005
-17.37932
-2.31463
-5.06153
-17.37931
-0.5662
-6.06451
-16.8309
-1.35608
-3.68793
-16.81184
11.09718
-3.84914
-17.37931
10.05651
-2e-005
-17.37931
10.96842
-3.68793
-16.81184
11.09718
-9.6447
-16.81184
2.50724
-7.92531
-17.37931
2.9811
-7.92531
-17.37931
2.9811
-3.84914
-17.37931
10.05651
-3.68793
-16.81184
11.09718
-9.40752
-16.81184
1.09777
-6.06451
-16.8309
-1.35608
-5.06153
-17.37931
-0.5662
-5.06153
-17.37931
-0.5662
-7.92531
-17.37931
2.9811
-9.40752
-16.81184
1.09777
-3.92601
-16.45847
0.24606
-5.06153
-17.37931
-0.5662
-1e-005
-17.37932
-2.31463
-1e-005
-17.37932
-2.31463
-1e-005
-16.09389
-2.07068
-3.92601
-16.45847
0.24606
-2e-005
-16.09389
10.04908
-2e-005
-17.37931
10.96842
-3.84914
-17.37931
10.05651
-3.84914
-17.37931
10.05651
-3.82243
-16.45846
7.84943
-2e-005
-16.09389
10.04908
-3.82243
-16.45846
7.84943
-3.84914
-17.37931
10.05651
-7.92531
-17.37931
2.9811
-7.92531
-17.37931
2.9811
-6.0599
-16.09388
3.9892
-3.82243
-16.45846
7.84943
-6.0599
-16.09388
3.9892
-7.92531
-17.37931
2.9811
-5.06153
-17.37931
-0.5662
-5.06153
-17.37931
-0.5662
-3.92601
-16.45847
0.24606
-6.0599
-16.09388
3.9892
-2e-005
-16.09389
10.04908
-6.0599
-16.09388
3.9892
-4.88272
-18.33505
3.9892
-4.88272
-18.33505
3.9892
-2e-005
-18.33506
8.8719
-2e-005
-16.09389
10.04908
-6.0599
-16.09388
3.9892
-1e-005
-16.09389
-2.07068
-1e-005
-18.33506
-0.8935
-1e-005
-18.33506
-0.8935
-4.88272
-18.33505
3.9892
-6.0599
-16.09388
3.9892
-2e-005
-16.09139
8.4808
-4.49161
-16.09139
3.9892
-3.71511
-19.74457
3.9892
-3.71511
-19.74457
3.9892
-2e-005
-19.74457
7.70429
-2e-005
-16.09139
8.4808
-4.49161
-16.09139
3.9892
-1e-005
-16.09139
-0.50239
-1e-005
-19.74457
0.27411
-1e-005
-19.74457
0.27411
-3.71511
-19.74457
3.9892
-4.49161
-16.09139
3.9892
-2e-005
-16.09139
7.2667
-3.27751
-16.09139
3.9892
-2.59434
-21.27059
3.9892
-2.59434
-21.27059
3.9892
-2e-005
-21.27059
6.58352
-2e-005
-16.09139
7.2667
-3.27751
-16.09139
3.9892
-1e-005
-16.09139
0.71171
-2e-005
-21.27058
1.39489
-2e-005
-21.27058
1.39489
-2.59434
-21.27059
3.9892
-3.27751
-16.09139
3.9892
-1e-005
-16.09139
6.19613
-2.20694
-16.09139
3.9892
-2e-005
-23.5371
3.9892
-2.20694
-16.09139
3.9892
-1e-005
-16.09139
1.78227
-2e-005
-23.5371
3.9892
-2e-005
-16.09389
10.04908
-3.82243
-16.45846
7.84943
-6.0599
-16.09388
3.9892
-6.0599
-16.09388
3.9892
-3.92601
-16.45847
0.24606
-1e-005
-16.09389
-2.07068
-9.40752
-16.81184
1.09777
-7.92531
-17.37931
2.9811
-9.6447
-16.81184
2.50724
-14.30241
-1.27553
0.26119
-13.82338
-1.29537
1.55106
-8.43448
9.28949
2.05222
-8.43448
9.28949
2.05222
-8.73499
9.28949
1.03377
-14.30241
-1.27553
0.26119
-8.73499
9.28949
1.03377
-8.43448
9.28949
2.05222
-3.16661
19.43826
2.71305
-3.16661
19.43826
2.71305
-2.98202
19.43826
1.91711
-8.73499
9.28949
1.03377
-9.40752
-16.81184
1.09777
-9.6447
-16.81184
2.50724
-8.7065
-12.23512
2.61206
-8.7065
-12.23512
2.61206
-8.43862
-12.23511
1.19595
-9.40752
-16.81184
1.09777
-1.29787
23.23353
2.96276
-1.05211
23.23353
2.29805
-2.98202
19.43826
1.91711
-2.98202
19.43826
1.91711
-3.16661
19.43826
2.71305
-1.29787
23.23353
2.96276
-1e-005
-12.25197
-2.58297
-5.37604
-12.25037
-1.02363
-4.97727
-11.6572
-1.46478
-4.97727
-11.6572
-1.46478
-1e-005
-11.67294
-2.97998
-1e-005
-12.25197
-2.58297
-5.37604
-12.25037
-1.02363
-3.95745
-2.07801
-0.20876
-3.5987
-1.78594
-0.67274
-3.5987
-1.78594
-0.67274
-4.97727
-11.6572
-1.46478
-5.37604
-12.25037
-1.02363
-3.95745
-2.07801
-0.20876
-2.5945
8.49653
0.65265
-2.27419
8.49033
0.16437
-2.27419
8.49033
0.16437
-3.5987
-1.78594
-0.67274
-3.95745
-2.07801
-0.20876
-2.5945
8.49653
0.65265
-1.34572
18.65546
1.58033
-1.06063
18.36272
1.06589
-1.06063
18.36272
1.06589
-2.27419
8.49033
0.16437
-2.5945
8.49653
0.65265
-1.14918
18.20695
1.44111
-0.10994
18.20056
1.19777
-0.11045
18.03144
0.89225
-0.11045
18.03144
0.89225
-0.98434
18.0311
1.1465
-1.14918
18.20695
1.44111
-0.59445
22.90055
2.30962
-0.82911
23.42136
2.45623
0
23.42136
2.29804
0
23.42136
2.29804
0
22.90055
2.17725
-0.59445
22.90055
2.30962
-1.29787
23.23353
2.96276
-0.75152
23.23353
4.50252
-0.55872
23.53709
4.25587
-0.55872
23.53709
4.25587
-1.01698
23.53709
2.96438
-1.29787
23.23353
2.96276
-0.75152
23.23353
4.50252
0
23.23353
4.50251
0
23.53709
4.25587
0
23.53709
4.25587
-0.55872
23.53709
4.25587
-0.75152
23.23353
4.50252
0
23.24875
1.73663
-0.72316
23.25179
2.0283
-0.59445
23.53709
2.30962
-0.59445
23.53709
2.30962
0
23.53709
2.17725
0
23.24875
1.73663
-0.72316
23.25179
2.0283
-1.05211
23.23353
2.29805
-0.82911
23.53709
2.45623
-0.82911
23.53709
2.45623
-0.59445
23.53709
2.30962
-0.72316
23.25179
2.0283
-1.05211
23.23353
2.29805
-1.29787
23.23353
2.96276
-1.01698
23.53709
2.96438
-1.01698
23.53709
2.96438
-0.82911
23.53709
2.45623
-1.05211
23.23353
2.29805
-0.55872
23.53709
4.25587
0
23.53709
4.25587
0
22.90055
4.25587
0
22.90055
4.25587
-0.55872
22.90054
4.25587
-0.55872
23.53709
4.25587
0
23.53709
2.17725
-0.59445
23.53709
2.30962
-0.59445
22.90055
2.30962
-0.59445
22.90055
2.30962
0
22.90055
2.17725
0
23.53709
2.17725
-0.59445
23.53709
2.30962
-0.82911
23.53709
2.45623
-0.82911
23.42136
2.45623
-0.82911
23.42136
2.45623
-0.59445
22.90055
2.30962
-0.59445
23.53709
2.30962
-1.01698
23.42136
2.96438
0
23.42136
2.96276
0
22.9143
2.96276
0
22.9143
2.96276
-1.01698
22.91429
2.96438
-1.01698
23.42136
2.96438
0
23.42136
3.36976
0
22.9143
3.36976
-0.8686
22.91429
3.38254
-0.8686
22.91429
3.38254
-0.8686
23.42135
3.38254
0
23.42136
3.36976
-0.70709
23.42135
3.83771
0
23.42136
3.84887
0
22.9143
3.84887
0
22.9143
3.84887
-0.70709
22.91429
3.83771
-0.70709
23.42135
3.83771
0
23.42136
2.6304
0
22.9143
2.6304
-0.92304
22.91429
2.7103
-0.92304
22.91429
2.7103
-0.92304
23.42136
2.7103
0
23.42136
2.6304
-0.55872
22.90054
4.25587
0
22.90055
4.25587
0
23.42136
3.84887
0
23.42136
3.84887
-0.70709
23.42135
3.83771
-0.55872
22.90054
4.25587
-1.01698
22.91429
2.96438
0
22.9143
2.96276
0
23.42136
2.6304
0
23.42136
2.6304
-0.92304
23.42136
2.7103
-1.01698
22.91429
2.96438
-0.8686
22.91429
3.38254
0
22.9143
3.36976
0
23.42136
2.96276
0
23.42136
2.96276
-1.01698
23.42136
2.96438
-0.8686
22.91429
3.38254
-0.70709
22.91429
3.83771
0
22.9143
3.84887
0
23.42136
3.36976
0
23.42136
3.36976
-0.8686
23.42135
3.38254
-0.70709
22.91429
3.83771
-0.92304
22.91429
2.7103
0
22.9143
2.6304
0
23.42136
2.29804
0
23.42136
2.29804
-0.82911
23.42136
2.45623
-0.92304
22.91429
2.7103
-0.70709
23.42135
3.83771
-0.55872
23.53709
4.25587
-0.55872
22.90054
4.25587
-0.92304
23.42136
2.7103
-1.01698
23.42136
2.96438
-1.01698
22.91429
2.96438
-1.01698
23.42136
2.96438
-0.8686
23.42135
3.38254
-0.8686
22.91429
3.38254
-0.8686
23.42135
3.38254
-0.70709
23.42135
3.83771
-0.70709
22.91429
3.83771
-0.82911
23.42136
2.45623
-0.92304
23.42136
2.7103
-0.92304
22.91429
2.7103
-0.92304
23.42136
2.7103
-0.82911
23.42136
2.45623
-0.82911
23.53709
2.45623
-1.01698
23.42136
2.96438
-0.92304
23.42136
2.7103
-0.82911
23.53709
2.45623
-0.82911
23.53709
2.45623
-1.01698
23.53709
2.96438
-1.01698
23.42136
2.96438
-0.8686
23.42135
3.38254
-1.01698
23.42136
2.96438
-1.01698
23.53709
2.96438
-0.70709
23.42135
3.83771
-0.8686
23.42135
3.38254
-1.01698
23.53709
2.96438
-1.01698
23.53709
2.96438
-0.55872
23.53709
4.25587
-0.70709
23.42135
3.83771
-1.34572
18.65546
1.58033
0
18.65216
1.26384
-0.10897
18.5913
1.19313
-0.10897
18.5913
1.19313
-1.14821
18.59768
1.43647
-1.34572
18.65546
1.58033
0
18.65216
1.26384
0
18.35953
0.75833
-0.10948
18.42217
0.88762
-0.10948
18.42217
0.88762
-0.10897
18.5913
1.19313
0
18.65216
1.26384
0
18.35953
0.75833
-1.06063
18.36272
1.06589
-0.98338
18.42184
1.14186
-0.98338
18.42184
1.14186
-0.10948
18.42217
0.88762
0
18.35953
0.75833
-1.06063
18.36272
1.06589
-1.34572
18.65546
1.58033
-1.14821
18.59768
1.43647
-1.14821
18.59768
1.43647
-0.98338
18.42184
1.14186
-1.06063
18.36272
1.06589
-1.14821
18.59768
1.43647
-0.10897
18.5913
1.19313
-0.10994
18.20056
1.19777
-0.10994
18.20056
1.19777
-1.14918
18.20695
1.44111
-1.14821
18.59768
1.43647
-0.10897
18.5913
1.19313
-0.10948
18.42217
0.88762
-0.11045
18.03144
0.89225
-0.11045
18.03144
0.89225
-0.10994
18.20056
1.19777
-0.10897
18.5913
1.19313
-0.10948
18.42217
0.88762
-0.98338
18.42184
1.14186
-0.98434
18.0311
1.1465
-0.98434
18.0311
1.1465
-0.11045
18.03144
0.89225
-0.10948
18.42217
0.88762
-0.98338
18.42184
1.14186
-1.14821
18.59768
1.43647
-1.14918
18.20695
1.44111
-1.14918
18.20695
1.44111
-0.98434
18.0311
1.1465
-0.98338
18.42184
1.14186
-7.39504
-12.23508
4.85265
-3.25479
-12.22042
10.99892
-3.28586
-2.23821
7.99829
-3.28586
-2.23821
7.99829
-5.73269
-2.12708
4.31621
-7.39504
-12.23508
4.85265
-3.28586
-2.23821
7.99829
-0.79844
8.49335
7.75071
-3.71789
8.49335
3.74602
-3.71789
8.49335
3.74602
-5.73269
-2.12708
4.31621
-3.28586
-2.23821
7.99829
-3.71789
8.49335
3.74602
-0.79844
8.49335
7.75071
-0.76719
18.6421
5.63503
-0.76719
18.6421
5.63503
-2.03733
18.6421
3.20643
-3.71789
8.49335
3.74602
-2.03733
18.6421
3.20643
-0.76719
18.6421
5.63503
-0.75152
23.23353
4.50252
-0.75152
23.23353
4.50252
-1.29787
23.23353
2.96276
-2.03733
18.6421
3.20643
-7.39504
-12.23508
4.85265
-5.73269
-2.12708
4.31621
-13.82338
-1.29537
1.55106
-13.82338
-1.29537
1.55106
-19.48353
-12.23545
1.11934
-7.39504
-12.23508
4.85265
-5.73269
-2.12708
4.31621
-3.71789
8.49335
3.74602
-8.43448
9.28949
2.05222
-8.43448
9.28949
2.05222
-13.82338
-1.29537
1.55106
-5.73269
-2.12708
4.31621
-3.71789
8.49335
3.74602
-2.03733
18.6421
3.20643
-3.16661
19.43826
2.71305
-3.16661
19.43826
2.71305
-8.43448
9.28949
2.05222
-3.71789
8.49335
3.74602
-2.03733
18.6421
3.20643
-1.29787
23.23353
2.96276
-3.16661
19.43826
2.71305
-1.34572
18.65546
1.58033
-2.5945
8.49653
0.65265
-8.73499
9.28949
1.03377
-8.73499
9.28949
1.03377
-2.98202
19.43826
1.91711
-1.34572
18.65546
1.58033
-2.5945
8.49653
0.65265
-3.95745
-2.07801
-0.20876
-14.30241
-1.27553
0.26119
-14.30241
-1.27553
0.26119
-8.73499
9.28949
1.03377
-2.5945
8.49653
0.65265
-3.95745
-2.07801
-0.20876
-5.37604
-12.25037
-1.02363
-20.20456
-12.23547
-0.45158
-20.20456
-12.23547
-0.45158
-14.30241
-1.27553
0.26119
-3.95745
-2.07801
-0.20876
-1.34572
18.65546
1.58033
-2.98202
19.43826
1.91711
-1.05211
23.23353
2.29805
-1.05211
23.23353
2.29805
-0.72316
23.25179
2.0283
-1.34572
18.65546
1.58033
-5.37604
-12.25037
-1.02363
-8.43862
-12.23511
1.19595
-11.62133
-12.23521
0.94722
-11.62133
-12.23521
0.94722
-10.12897
-12.23516
-0.28267
-5.37604
-12.25037
-1.02363
-8.43862
-12.23511
1.19595
-8.7065
-12.23512
2.61206
-11.88714
-12.23521
1.76742
-11.88714
-12.23521
1.76742
-11.62133
-12.23521
0.94722
-8.43862
-12.23511
1.19595
-8.7065
-12.23512
2.61206
-7.39504
-12.23508
4.85265
-11.3534
-12.2352
2.6793
-11.3534
-12.2352
2.6793
-11.88714
-12.23521
1.76742
-8.7065
-12.23512
2.61206
-7.39504
-12.23508
4.85265
-19.48353
-12.23545
1.11934
-18.38769
-12.23542
0.56239
-18.38769
-12.23542
0.56239
-11.3534
-12.2352
2.6793
-7.39504
-12.23508
4.85265
-19.48353
-12.23545
1.11934
-20.20456
-12.23547
-0.45158
-18.60747
-12.23542
0.08357
-18.60747
-12.23542
0.08357
-18.38769
-12.23542
0.56239
-19.48353
-12.23545
1.11934
-20.20456
-12.23547
-0.45158
-5.37604
-12.25037
-1.02363
-10.12897
-12.23516
-0.28267
-10.12897
-12.23516
-0.28267
-18.60747
-12.23542
0.08357
-20.20456
-12.23547
-0.45158
-10.12897
-12.23516
-0.28267
-11.62133
-12.23521
0.94722
-11.6741
-11.50823
0.94247
-11.6741
-11.50823
0.94247
-10.38179
-11.50819
-0.12255
-10.12897
-12.23516
-0.28267
-11.62133
-12.23521
0.94722
-11.88714
-12.23521
1.76742
-11.90427
-11.50824
1.65273
-11.90427
-11.50824
1.65273
-11.6741
-11.50823
0.94247
-11.62133
-12.23521
0.94722
-11.88714
-12.23521
1.76742
-11.3534
-12.2352
2.6793
-11.44208
-11.50823
2.44237
-11.44208
-11.50823
2.44237
-11.90427
-11.50824
1.65273
-11.88714
-12.23521
1.76742
-11.3534
-12.2352
2.6793
-18.38769
-12.23542
0.56239
-17.53344
-11.50846
0.60923
-17.53344
-11.50846
0.60923
-11.44208
-11.50823
2.44237
-11.3534
-12.2352
2.6793
-18.38769
-12.23542
0.56239
-18.60747
-12.23542
0.08357
-17.72375
-11.50845
0.1946
-17.72375
-11.50845
0.1946
-17.53344
-11.50846
0.60923
-18.38769
-12.23542
0.56239
-18.60747
-12.23542
0.08357
-10.12897
-12.23516
-0.28267
-10.38179
-11.50819
-0.12255
-10.38179
-11.50819
-0.12255
-17.72375
-11.50845
0.1946
-18.60747
-12.23542
0.08357
-17.16388
-9.56505
0.67614
-17.87722
-9.54093
0.04903
-18.21367
-9.54871
0.59677
-18.21367
-9.54871
0.59677
-17.5629
-9.56901
1.04419
-17.16388
-9.56505
0.67614
-17.16388
-9.56505
0.67614
-17.5629
-9.56901
1.04419
-17.7539
-8.7063
1.0296
-17.7539
-8.7063
1.0296
-17.16388
-7.2242
0.67614
-17.16388
-9.56505
0.67614
-17.16388
-7.2242
0.67614
-17.69568
-7.75773
0.07093
-17.87722
-9.54093
0.04903
-17.87722
-9.54093
0.04903
-17.16388
-9.56505
0.67614
-17.16388
-7.2242
0.67614
-18.21367
-9.54871
0.59677
-17.87722
-9.54093
0.04903
-17.69568
-7.75773
0.07093
-17.69568
-7.75773
0.07093
-18.21367
-9.23791
0.59677
-18.21367
-9.54871
0.59677
-18.21367
-9.23791
0.59677
-17.7539
-8.7063
1.0296
-17.5629
-9.56901
1.04419
-17.5629
-9.56901
1.04419
-18.21367
-9.54871
0.59677
-18.21367
-9.23791
0.59677
-14.30241
-1.27553
0.26119
-20.20456
-12.23547
-0.45158
-17.69568
-7.75773
0.07093
-13.82338
-1.29537
1.55106
-14.30241
-1.27553
0.26119
-17.69568
-7.75773
0.07093
-17.69568
-7.75773
0.07093
-17.16388
-7.2242
0.67614
-13.82338
-1.29537
1.55106
-20.20456
-12.23547
-0.45158
-19.48353
-12.23545
1.11934
-18.21367
-9.23791
0.59677
-18.21367
-9.23791
0.59677
-17.69568
-7.75773
0.07093
-20.20456
-12.23547
-0.45158
-17.16388
-7.2242
0.67614
-17.7539
-8.7063
1.0296
-13.82338
-1.29537
1.55106
-18.21367
-9.23791
0.59677
-19.48353
-12.23545
1.11934
-17.7539
-8.7063
1.0296
-17.7539
-8.7063
1.0296
-19.48353
-12.23545
1.11934
-13.82338
-1.29537
1.55106
-1e-005
-2.007
10.28758
-1e-005
8.34025
7.68363
-0.71191
8.34858
7.69667
-0.71191
8.34858
7.69667
-0.88209
-2.01668
10.27245
-1e-005
-2.007
10.28758
-1.35203
-12.14831
11.40561
-0.88209
-2.01668
10.27245
-2.014
-2.12709
10.04705
-2.014
-2.12709
10.04705
-3.14293
-12.14911
10.91288
-1.35203
-12.14831
11.40561
-0.88209
-2.01668
10.27245
-0.71191
8.34858
7.69667
-2.014
-2.12709
10.04705
-3.10676
-11.32971
10.77879
-2.0721
-2.13475
9.98495
-3.13585
-2.25371
8.05103
-2.0721
-2.13475
9.98495
-0.87654
7.48418
7.83822
-3.13585
-2.25371
8.05103
-17.72828
-9.18108
0.96092
-17.72827
-3.1299
0.96092
-18.12723
-3.1299
0.56196
-18.12723
-3.1299
0.56196
-18.12723
-9.18108
0.56196
-17.72828
-9.18108
0.96092
-17.72827
-3.1299
0.96092
-17.72827
-3.00398
1.15005
-18.31637
-3.00398
0.56196
-18.31637
-3.00398
0.56196
-18.12723
-3.1299
0.56196
-17.72827
-3.1299
0.96092
-17.72827
-3.00398
1.15005
-17.72827
-1.41043
1.15005
-18.31637
-1.41043
0.56196
-18.31637
-1.41043
0.56196
-18.31637
-3.00398
0.56196
-17.72827
-3.00398
1.15005
-17.72827
-1.41043
1.15005
-17.72827
-1.31286
1.25247
-18.41879
-1.31286
0.56196
-18.41879
-1.31286
0.56196
-18.31637
-1.41043
0.56196
-17.72827
-1.41043
1.15005
-17.72827
-1.31286
1.25247
-17.72827
-0.27736
1.25247
-18.41879
-0.27735
0.56196
-18.41879
-0.27735
0.56196
-18.41879
-1.31286
0.56196
-17.72827
-1.31286
1.25247
-17.72827
-0.27736
1.25247
-17.72827
-0.12322
1.02436
-18.19067
-0.12322
0.56196
-18.19067
-0.12322
0.56196
-18.41879
-0.27735
0.56196
-17.72827
-0.27736
1.25247
-17.72827
-0.12322
1.02436
-17.72827
-1.31286
1.02436
-18.19067
-1.31286
0.56196
-18.19067
-1.31286
0.56196
-18.19067
-0.12322
0.56196
-17.72827
-0.12322
1.02436
-17.72827
-1.31286
1.02436
-17.72827
-1.41043
0.95578
-18.12209
-1.41043
0.56196
-18.12209
-1.41043
0.56196
-18.19067
-1.31286
0.56196
-17.72827
-1.31286
1.02436
-17.72827
-1.41043
0.95578
-17.72827
-3.00398
0.95578
-18.12209
-3.00398
0.56196
-18.12209
-3.00398
0.56196
-18.12209
-1.41043
0.56196
-17.72827
-1.41043
0.95578
-17.72827
-3.00398
0.95578
-17.72827
-3.1299
0.82912
-17.99544
-3.1299
0.56196
-17.99544
-3.1299
0.56196
-18.12209
-3.00398
0.56196
-17.72827
-3.00398
0.95578
-17.72827
-3.1299
0.82912
-17.72828
-9.18108
0.82912
-17.99544
-9.18108
0.56196
-17.99544
-9.18108
0.56196
-17.99544
-3.1299
0.56196
-17.72827
-3.1299
0.82912
-17.72828
-9.18108
0.82912
-17.72828
-9.18108
0.96092
-18.12723
-9.18108
0.56196
-18.12723
-9.18108
0.56196
-17.99544
-9.18108
0.56196
-17.72828
-9.18108
0.82912
-18.12723
-9.18108
0.56196
-18.12723
-3.1299
0.56196
-17.72827
-3.1299
0.163
-17.72827
-3.1299
0.163
-17.72828
-9.18108
0.163
-18.12723
-9.18108
0.56196
-18.12723
-3.1299
0.56196
-18.31637
-3.00398
0.56196
-17.72827
-3.00398
-0.02614
-17.72827
-3.00398
-0.02614
-17.72827
-3.1299
0.163
-18.12723
-3.1299
0.56196
-18.31637
-3.00398
0.56196
-18.31637
-1.41043
0.56196
-17.72827
-1.41043
-0.02614
-17.72827
-1.41043
-0.02614
-17.72827
-3.00398
-0.02614
-18.31637
-3.00398
0.56196
-18.31637
-1.41043
0.56196
-18.41879
-1.31286
0.56196
-17.72827
-1.31286
-0.12855
-17.72827
-1.31286
-0.12855
-17.72827
-1.41043
-0.02614
-18.31637
-1.41043
0.56196
-18.41879
-1.31286
0.56196
-18.41879
-0.27735
0.56196
-17.72827
-0.27736
-0.12855
-17.72827
-0.27736
-0.12855
-17.72827
-1.31286
-0.12855
-18.41879
-1.31286
0.56196
-18.41879
-0.27735
0.56196
-18.19067
-0.12322
0.56196
-17.72827
-0.12322
0.09956
-17.72827
-0.12322
0.09956
-17.72827
-0.27736
-0.12855
-18.41879
-0.27735
0.56196
-18.19067
-0.12322
0.56196
-18.19067
-1.31286
0.56196
-17.72827
-1.31286
0.09956
-17.72827
-1.31286
0.09956
-17.72827
-0.12322
0.09956
-18.19067
-0.12322
0.56196
-18.19067
-1.31286
0.56196
-18.12209
-1.41043
0.56196
-17.72827
-1.41043
0.16814
-17.72827
-1.41043
0.16814
-17.72827
-1.31286
0.09956
-18.19067
-1.31286
0.56196
-18.12209
-1.41043
0.56196
-18.12209
-3.00398
0.56196
-17.72827
-3.00398
0.16814
-17.72827
-3.00398
0.16814
-17.72827
-1.41043
0.16814
-18.12209
-1.41043
0.56196
-18.12209
-3.00398
0.56196
-17.99544
-3.1299
0.56196
-17.72827
-3.1299
0.2948
-17.72827
-3.1299
0.2948
-17.72827
-3.00398
0.16814
-18.12209
-3.00398
0.56196
-17.99544
-3.1299
0.56196
-17.99544
-9.18108
0.56196
-17.72828
-9.18108
0.2948
-17.72828
-9.18108
0.2948
-17.72827
-3.1299
0.2948
-17.99544
-3.1299
0.56196
-17.99544
-9.18108
0.56196
-18.12723
-9.18108
0.56196
-17.72828
-9.18108
0.163
-17.72828
-9.18108
0.163
-17.72828
-9.18108
0.2948
-17.99544
-9.18108
0.56196
-17.72828
-9.18108
0.163
-17.72827
-3.1299
0.163
-17.32932
-3.1299
0.56196
-17.32932
-3.1299
0.56196
-17.32932
-9.18108
0.56196
-17.72828
-9.18108
0.163
-17.72827
-3.1299
0.163
-17.72827
-3.00398
-0.02614
-17.14018
-3.00398
0.56196
-17.14018
-3.00398
0.56196
-17.32932
-3.1299
0.56196
-17.72827
-3.1299
0.163
-17.72827
-3.00398
-0.02614
-17.72827
-1.41043
-0.02614
-17.14018
-1.41043
0.56196
-17.14018
-1.41043
0.56196
-17.14018
-3.00398
0.56196
-17.72827
-3.00398
-0.02614
-17.72827
-1.41043
-0.02614
-17.72827
-1.31286
-0.12855
-17.03776
-1.31286
0.56196
-17.03776
-1.31286
0.56196
-17.14018
-1.41043
0.56196
-17.72827
-1.41043
-0.02614
-17.72827
-1.31286
-0.12855
-17.72827
-0.27736
-0.12855
-17.03776
-0.27736
0.56196
-17.03776
-0.27736
0.56196
-17.03776
-1.31286
0.56196
-17.72827
-1.31286
-0.12855
-17.72827
-0.27736
-0.12855
-17.72827
-0.12322
0.09956
-17.26587
-0.12322
0.56196
-17.26587
-0.12322
0.56196
-17.03776
-0.27736
0.56196
-17.72827
-0.27736
-0.12855
-17.72827
-0.12322
0.09956
-17.72827
-1.31286
0.09956
-17.26587
-1.31286
0.56196
-17.26587
-1.31286
0.56196
-17.26587
-0.12322
0.56196
-17.72827
-0.12322
0.09956
-17.72827
-1.31286
0.09956
-17.72827
-1.41043
0.16814
-17.33446
-1.41043
0.56196
-17.33446
-1.41043
0.56196
-17.26587
-1.31286
0.56196
-17.72827
-1.31286
0.09956
-17.72827
-1.41043
0.16814
-17.72827
-3.00398
0.16814
-17.33446
-3.00398
0.56196
-17.33446
-3.00398
0.56196
-17.33446
-1.41043
0.56196
-17.72827
-1.41043
0.16814
-17.72827
-3.00398
0.16814
-17.72827
-3.1299
0.2948
-17.46111
-3.1299
0.56196
-17.46111
-3.1299
0.56196
-17.33446
-3.00398
0.56196
-17.72827
-3.00398
0.16814
-17.72827
-3.1299
0.2948
-17.72828
-9.18108
0.2948
-17.46111
-9.18108
0.56196
-17.46111
-9.18108
0.56196
-17.46111
-3.1299
0.56196
-17.72827
-3.1299
0.2948
-17.72828
-9.18108
0.2948
-17.72828
-9.18108
0.163
-17.32932
-9.18108
0.56196
-17.32932
-9.18108
0.56196
-17.46111
-9.18108
0.56196
-17.72828
-9.18108
0.2948
-17.32932
-9.18108
0.56196
-17.32932
-3.1299
0.56196
-17.72827
-3.1299
0.96092
-17.72827
-3.1299
0.96092
-17.72828
-9.18108
0.96092
-17.32932
-9.18108
0.56196
-17.32932
-3.1299
0.56196
-17.14018
-3.00398
0.56196
-17.72827
-3.00398
1.15005
-17.72827
-3.00398
1.15005
-17.72827
-3.1299
0.96092
-17.32932
-3.1299
0.56196
-17.14018
-3.00398
0.56196
-17.14018
-1.41043
0.56196
-17.72827
-1.41043
1.15005
-17.72827
-1.41043
1.15005
-17.72827
-3.00398
1.15005
-17.14018
-3.00398
0.56196
-17.14018
-1.41043
0.56196
-17.03776
-1.31286
0.56196
-17.72827
-1.31286
1.25247
-17.72827
-1.31286
1.25247
-17.72827
-1.41043
1.15005
-17.14018
-1.41043
0.56196
-17.03776
-1.31286
0.56196
-17.03776
-0.27736
0.56196
-17.72827
-0.27736
1.25247
-17.72827
-0.27736
1.25247
-17.72827
-1.31286
1.25247
-17.03776
-1.31286
0.56196
-17.03776
-0.27736
0.56196
-17.26587
-0.12322
0.56196
-17.72827
-0.12322
1.02436
-17.72827
-0.12322
1.02436
-17.72827
-0.27736
1.25247
-17.03776
-0.27736
0.56196
-17.26587
-0.12322
0.56196
-17.26587
-1.31286
0.56196
-17.72827
-1.31286
1.02436
-17.72827
-1.31286
1.02436
-17.72827
-0.12322
1.02436
-17.26587
-0.12322
0.56196
-17.26587
-1.31286
0.56196
-17.33446
-1.41043
0.56196
-17.72827
-1.41043
0.95578
-17.72827
-1.41043
0.95578
-17.72827
-1.31286
1.02436
-17.26587
-1.31286
0.56196
-17.33446
-1.41043
0.56196
-17.33446
-3.00398
0.56196
-17.72827
-3.00398
0.95578
-17.72827
-3.00398
0.95578
-17.72827
-1.41043
0.95578
-17.33446
-1.41043
0.56196
-17.33446
-3.00398
0.56196
-17.46111
-3.1299
0.56196
-17.72827
-3.1299
0.82912
-17.72827
-3.1299
0.82912
-17.72827
-3.00398
0.95578
-17.33446
-3.00398
0.56196
-17.46111
-3.1299
0.56196
-17.46111
-9.18108
0.56196
-17.72828
-9.18108
0.82912
-17.72828
-9.18108
0.82912
-17.72827
-3.1299
0.82912
-17.46111
-3.1299
0.56196
-17.46111
-9.18108
0.56196
-17.32932
-9.18108
0.56196
-17.72828
-9.18108
0.96092
-17.72828
-9.18108
0.96092
-17.72828
-9.18108
0.82912
-17.46111
-9.18108
0.56196
-0.72401
-15.35335
13.86024
-1.21294
-15.35334
11.93861
-0.10076
-15.35334
11.93861
-0.10076
-15.35334
11.93861
-0.10076
-15.35335
13.86024
-0.72401
-15.35335
13.86024
-2e-005
-18.33506
8.8719
-4.88272
-18.33505
3.9892
-4.49161
-16.09139
3.9892
-4.49161
-16.09139
3.9892
-2e-005
-16.09139
8.4808
-2e-005
-18.33506
8.8719
-4.88272
-18.33505
3.9892
-1e-005
-18.33506
-0.8935
-1e-005
-16.09139
-0.50239
-1e-005
-16.09139
-0.50239
-4.49161
-16.09139
3.9892
-4.88272
-18.33505
3.9892
-2e-005
-19.74457
7.70429
-3.71511
-19.74457
3.9892
-3.27751
-16.09139
3.9892
-3.27751
-16.09139
3.9892
-2e-005
-16.09139
7.2667
-2e-005
-19.74457
7.70429
-3.71511
-19.74457
3.9892
-1e-005
-19.74457
0.27411
-1e-005
-16.09139
0.71171
-1e-005
-16.09139
0.71171
-3.27751
-16.09139
3.9892
-3.71511
-19.74457
3.9892
-2e-005
-21.27059
6.58352
-2.59434
-21.27059
3.9892
-2.20694
-16.09139
3.9892
-2.20694
-16.09139
3.9892
-1e-005
-16.09139
6.19613
-2e-005
-21.27059
6.58352
-2.59434
-21.27059
3.9892
-2e-005
-21.27058
1.39489
-1e-005
-16.09139
1.78227
-1e-005
-16.09139
1.78227
-2.20694
-16.09139
3.9892
-2.59434
-21.27059
3.9892
-10.38179
-11.50819
-0.12255
-11.6741
-11.50823
0.94247
-17.72375
-11.50845
0.1946
-11.6741
-11.50823
0.94247
-11.90427
-11.50824
1.65273
-17.53344
-11.50846
0.60923
-17.53344
-11.50846
0.60923
-17.72375
-11.50845
0.1946
-11.6741
-11.50823
0.94247
-11.90427
-11.50824
1.65273
-11.44208
-11.50823
2.44237
-17.53344
-11.50846
0.60923
6.06449
-16.8309
-1.35608
-1e-005
-16.84856
-3.05576
-1e-005
-12.25197
-2.58297
-1e-005
-12.25197
-2.58297
5.37601
-12.25037
-1.02363
6.06449
-16.8309
-1.35608
-2e-005
-12.22043
13.75146
-2e-005
-16.81185
14.44982
0.87784
-16.81186
14.44982
0.87784
-16.81186
14.44982
0.86218
-12.22043
13.75142
-2e-005
-12.22043
13.75146
0
23.23353
4.50251
0
18.6421
5.635
0.76718
18.6421
5.63503
0.76718
18.6421
5.63503
0.75152
23.23353
4.50251
0
23.23353
4.50251
-2e-005
-12.22043
13.75146
0.86218
-12.22043
13.75142
0.83094
-2.07168
10.41234
0.83094
-2.07168
10.41234
-1e-005
-2.07168
10.41236
-2e-005
-12.22043
13.75146
-1e-005
8.49335
7.7507
0.79842
8.49334
7.7507
0.76718
18.6421
5.63503
0.76718
18.6421
5.63503
0
18.6421
5.635
-1e-005
8.49335
7.7507
3.25476
-12.22042
10.99892
1.29766
-12.22042
11.53411
1.43901
-16.81184
11.76586
1.43901
-16.81184
11.76586
3.68789
-16.81184
11.09718
3.25476
-12.22042
10.99892
1.29766
-12.22042
11.53411
0.83094
-2.07168
10.41234
0.86218
-12.22043
13.75142
1.29766
-12.22042
11.53411
0.86218
-12.22043
13.75142
0.87784
-16.81186
14.44982
0.87784
-16.81186
14.44982
1.43901
-16.81184
11.76586
1.29766
-12.22042
11.53411
3.68789
-16.81184
11.09718
9.64467
-16.81184
2.50725
8.70648
-12.23512
2.61206
3.68789
-16.81184
11.09718
8.70648
-12.23512
2.61206
7.39501
-12.23508
4.85266
3.68789
-16.81184
11.09718
7.39501
-12.23508
4.85266
3.25476
-12.22042
10.99892
3.25476
-12.22042
10.99892
3.20168
-11.28908
10.82256
2.16702
-2.09412
10.02871
2.16702
-2.09412
10.02871
2.11157
-2.07167
10.12216
3.25476
-12.22042
10.99892
2.11157
-2.07167
10.12216
2.16702
-2.09412
10.02871
0.97147
7.52482
7.88197
0.97147
7.52482
7.88197
0.79842
8.49334
7.7507
2.11157
-2.07167
10.12216
0.79842
8.49334
7.7507
0.97147
7.52482
7.88197
3.23077
-2.21307
8.09479
3.23077
-2.21307
8.09479
3.28584
-2.23822
7.99829
0.79842
8.49334
7.7507
3.28584
-2.23822
7.99829
3.23077
-2.21307
8.09479
3.20168
-11.28908
10.82256
3.20168
-11.28908
10.82256
3.25476
-12.22042
10.99892
3.28584
-2.23822
7.99829
3.20168
-11.28908
10.82256
3.10673
-11.32971
10.77879
2.07208
-2.13475
9.98495
2.07208
-2.13475
9.98495
2.16702
-2.09412
10.02871
3.20168
-11.28908
10.82256
2.16702
-2.09412
10.02871
2.07208
-2.13475
9.98495
0.87653
7.48418
7.83821
0.87653
7.48418
7.83821
0.97147
7.52482
7.88197
2.16702
-2.09412
10.02871
0.97147
7.52482
7.88197
0.87653
7.48418
7.83821
3.13582
-2.25371
8.05103
3.13582
-2.25371
8.05103
3.23077
-2.21307
8.09479
0.97147
7.52482
7.88197
3.23077
-2.21307
8.09479
3.13582
-2.25371
8.05103
3.10673
-11.32971
10.77879
3.10673
-11.32971
10.77879
3.20168
-11.28908
10.82256
3.23077
-2.21307
8.09479
-1e-005
8.49335
7.7507
-1e-005
8.38446
7.77955
0.7312
8.3928
7.79259
0.7312
8.3928
7.79259
0.79842
8.49334
7.7507
-1e-005
8.49335
7.7507
0.79842
8.49334
7.7507
0.7312
8.3928
7.79259
2.03328
-2.08288
10.14297
2.03328
-2.08288
10.14297
2.11157
-2.07167
10.12216
0.79842
8.49334
7.7507
2.11157
-2.07167
10.12216
2.03328
-2.08288
10.14297
3.1622
-12.10489
11.00881
3.1622
-12.10489
11.00881
3.25476
-12.22042
10.99892
2.11157
-2.07167
10.12216
3.25476
-12.22042
10.99892
3.1622
-12.10489
11.00881
1.37131
-12.1041
11.50153
1.37131
-12.1041
11.50153
1.29766
-12.22042
11.53411
3.25476
-12.22042
10.99892
1.29766
-12.22042
11.53411
1.37131
-12.1041
11.50153
0.90138
-1.97247
10.36837
0.90138
-1.97247
10.36837
0.83094
-2.07168
10.41234
1.29766
-12.22042
11.53411
0.83094
-2.07168
10.41234
0.90138
-1.97247
10.36837
-1e-005
-1.96278
10.38351
-1e-005
-1.96278
10.38351
-1e-005
-2.07168
10.41236
0.83094
-2.07168
10.41234
-1e-005
8.38446
7.77955
-1e-005
8.34025
7.68363
0.71189
8.34858
7.69666
0.71189
8.34858
7.69666
0.7312
8.3928
7.79259
-1e-005
8.38446
7.77955
0.7312
8.3928
7.79259
0.71189
8.34858
7.69666
2.01398
-2.12709
10.04705
2.01398
-2.12709
10.04705
2.03328
-2.08288
10.14297
0.7312
8.3928
7.79259
2.03328
-2.08288
10.14297
2.01398
-2.12709
10.04705
3.1429
-12.14911
10.91288
3.1429
-12.14911
10.91288
3.1622
-12.10489
11.00881
2.03328
-2.08288
10.14297
3.1622
-12.10489
11.00881
3.1429
-12.14911
10.91288
1.352
-12.14832
11.40561
1.352
-12.14832
11.40561
1.37131
-12.1041
11.50153
3.1622
-12.10489
11.00881
1.37131
-12.1041
11.50153
1.352
-12.14832
11.40561
0.88207
-2.01668
10.27245
0.88207
-2.01668
10.27245
0.90138
-1.97247
10.36837
1.37131
-12.1041
11.50153
0.90138
-1.97247
10.36837
0.88207
-2.01668
10.27245
-1e-005
-2.007
10.28758
-1e-005
-2.007
10.28758
-1e-005
-1.96278
10.38351
0.90138
-1.97247
10.36837
6.06449
-16.8309
-1.35608
5.37601
-12.25037
-1.02363
8.4386
-12.23511
1.19595
8.4386
-12.23511
1.19595
9.40749
-16.81184
1.09778
6.06449
-16.8309
-1.35608
0
23.24875
1.73663
0.72316
23.25179
2.0283
1.34571
18.65546
1.58033
1.34571
18.65546
1.58033
0
18.65216
1.26384
0
23.24875
1.73663
0
8.48374
-0.47097
2.27418
8.49033
0.16437
3.59868
-1.78594
-0.67274
3.59868
-1.78594
-0.67274
-1e-005
-1.79714
-1.75068
0
8.48374
-0.47097
-1e-005
-1.79714
-1.75068
3.59868
-1.78594
-0.67274
4.97725
-11.65719
-1.46477
4.97725
-11.65719
-1.46477
-1e-005
-11.67294
-2.97998
-1e-005
-1.79714
-1.75068
0
18.35953
0.75833
1.06063
18.36272
1.06589
2.27418
8.49033
0.16437
2.27418
8.49033
0.16437
0
8.48374
-0.47097
0
18.35953
0.75833
-2e-005
-16.81184
11.76586
-2e-005
-17.37931
10.96842
3.68789
-16.81184
11.09718
3.68789
-16.81184
11.09718
1.43901
-16.81184
11.76586
-2e-005
-16.81184
11.76586
0.87784
-16.81186
14.44982
0.72397
-16.81186
14.27707
1.21291
-16.81184
11.93861
1.21291
-16.81184
11.93861
1.43901
-16.81184
11.76586
0.87784
-16.81186
14.44982
1.43901
-16.81184
11.76586
1.21291
-16.81184
11.93861
0.10072
-16.81184
11.93861
0.10072
-16.81184
11.93861
-2e-005
-16.81184
11.76586
1.43901
-16.81184
11.76586
-2e-005
-16.81184
11.76586
0.10072
-16.81184
11.93861
0.10072
-16.81186
14.27708
0.10072
-16.81186
14.27708
-2e-005
-16.81185
14.44982
-2e-005
-16.81184
11.76586
-2e-005
-16.81185
14.44982
0.10072
-16.81186
14.27708
0.72397
-16.81186
14.27707
0.72397
-16.81186
14.27707
0.87784
-16.81186
14.44982
-2e-005
-16.81185
14.44982
0.72397
-16.81186
14.27707
0.72398
-15.35336
13.86024
1.21291
-15.35334
11.93861
1.21291
-15.35334
11.93861
1.21291
-16.81184
11.93861
0.72397
-16.81186
14.27707
1.21291
-16.81184
11.93861
1.21291
-15.35334
11.93861
0.10072
-15.35334
11.93861
0.10072
-15.35334
11.93861
0.10072
-16.81184
11.93861
1.21291
-16.81184
11.93861
0.10072
-16.81184
11.93861
0.10072
-15.35334
11.93861
0.10072
-15.35336
13.86024
0.10072
-15.35336
13.86024
0.10072
-16.81186
14.27708
0.10072
-16.81184
11.93861
0.10072
-16.81186
14.27708
0.10072
-15.35336
13.86024
0.72398
-15.35336
13.86024
0.72398
-15.35336
13.86024
0.72397
-16.81186
14.27707
0.10072
-16.81186
14.27708
6.06449
-16.8309
-1.35608
5.06151
-17.37931
-0.56619
-1e-005
-17.37932
-2.31463
-1e-005
-17.37932
-2.31463
-1e-005
-16.84856
-3.05576
6.06449
-16.8309
-1.35608
3.68789
-16.81184
11.09718
-2e-005
-17.37931
10.96842
3.84911
-17.37931
10.05651
3.68789
-16.81184
11.09718
3.84911
-17.37931
10.05651
7.92528
-17.37931
2.98111
7.92528
-17.37931
2.98111
9.64467
-16.81184
2.50725
3.68789
-16.81184
11.09718
9.40749
-16.81184
1.09778
7.92528
-17.37931
2.98111
5.06151
-17.37931
-0.56619
5.06151
-17.37931
-0.56619
6.06449
-16.8309
-1.35608
9.40749
-16.81184
1.09778
3.92598
-16.45846
0.24607
-1e-005
-16.09389
-2.07068
-1e-005
-17.37932
-2.31463
-1e-005
-17.37932
-2.31463
5.06151
-17.37931
-0.56619
3.92598
-16.45846
0.24607
-2e-005
-16.09389
10.04908
3.8224
-16.45846
7.84943
3.84911
-17.37931
10.05651
3.84911
-17.37931
10.05651
-2e-005
-17.37931
10.96842
-2e-005
-16.09389
10.04908
3.8224
-16.45846
7.84943
6.05987
-16.09389
3.9892
7.92528
-17.37931
2.98111
7.92528
-17.37931
2.98111
3.84911
-17.37931
10.05651
3.8224
-16.45846
7.84943
6.05987
-16.09389
3.9892
3.92598
-16.45846
0.24607
5.06151
-17.37931
-0.56619
5.06151
-17.37931
-0.56619
7.92528
-17.37931
2.98111
6.05987
-16.09389
3.9892
-2e-005
-16.09389
10.04908
-2e-005
-18.33506
8.8719
4.88269
-18.33505
3.9892
4.88269
-18.33505
3.9892
6.05987
-16.09389
3.9892
-2e-005
-16.09389
10.04908
6.05987
-16.09389
3.9892
4.88269
-18.33505
3.9892
-1e-005
-18.33506
-0.8935
-1e-005
-18.33506
-0.8935
-1e-005
-16.09389
-2.07068
6.05987
-16.09389
3.9892
-2e-005
-16.09139
8.4808
-2e-005
-19.74457
7.70429
3.71508
-19.74457
3.9892
3.71508
-19.74457
3.9892
4.49158
-16.09139
3.98921
-2e-005
-16.09139
8.4808
4.49158
-16.09139
3.98921
3.71508
-19.74457
3.9892
-1e-005
-19.74457
0.27411
-1e-005
-19.74457
0.27411
-1e-005
-16.09139
-0.50239
4.49158
-16.09139
3.98921
-2e-005
-16.09139
7.2667
-2e-005
-21.27059
6.58352
2.5943
-21.27058
3.9892
2.5943
-21.27058
3.9892
3.27748
-16.09139
3.9892
-2e-005
-16.09139
7.2667
3.27748
-16.09139
3.9892
2.5943
-21.27058
3.9892
-2e-005
-21.27058
1.39489
-2e-005
-21.27058
1.39489
-1e-005
-16.09139
0.71171
3.27748
-16.09139
3.9892
-1e-005
-16.09139
6.19613
-2e-005
-23.5371
3.9892
2.20691
-16.09139
3.9892
2.20691
-16.09139
3.9892
-2e-005
-23.5371
3.9892
-1e-005
-16.09139
1.78227
-2e-005
-16.09389
10.04908
6.05987
-16.09389
3.9892
3.8224
-16.45846
7.84943
6.05987
-16.09389
3.9892
-1e-005
-16.09389
-2.07068
3.92598
-16.45846
0.24607
9.40749
-16.81184
1.09778
9.64467
-16.81184
2.50725
7.92528
-17.37931
2.98111
14.30239
-1.27553
0.2612
8.73498
9.28949
1.03377
8.43447
9.28949
2.05222
8.43447
9.28949
2.05222
13.82337
-1.29537
1.55107
14.30239
-1.27553
0.2612
8.73498
9.28949
1.03377
2.98202
19.43826
1.9171
3.16661
19.43826
2.71304
3.16661
19.43826
2.71304
8.43447
9.28949
2.05222
8.73498
9.28949
1.03377
9.40749
-16.81184
1.09778
8.4386
-12.23511
1.19595
8.70648
-12.23512
2.61206
8.70648
-12.23512
2.61206
9.64467
-16.81184
2.50725
9.40749
-16.81184
1.09778
1.29787
23.23353
2.96276
3.16661
19.43826
2.71304
2.98202
19.43826
1.9171
2.98202
19.43826
1.9171
1.05211
23.23353
2.29804
1.29787
23.23353
2.96276
-1e-005
-12.25197
-2.58297
-1e-005
-11.67294
-2.97998
4.97725
-11.65719
-1.46477
4.97725
-11.65719
-1.46477
5.37601
-12.25037
-1.02363
-1e-005
-12.25197
-2.58297
5.37601
-12.25037
-1.02363
4.97725
-11.65719
-1.46477
3.59868
-1.78594
-0.67274
3.59868
-1.78594
-0.67274
3.95743
-2.07801
-0.20876
5.37601
-12.25037
-1.02363
3.95743
-2.07801
-0.20876
3.59868
-1.78594
-0.67274
2.27418
8.49033
0.16437
2.27418
8.49033
0.16437
2.59449
8.49653
0.65264
3.95743
-2.07801
-0.20876
2.59449
8.49653
0.65264
2.27418
8.49033
0.16437
1.06063
18.36272
1.06589
1.06063
18.36272
1.06589
1.34571
18.65546
1.58033
2.59449
8.49653
0.65264
1.14918
18.20695
1.4411
0.98434
18.0311
1.14649
0.11045
18.03144
0.89225
0.11045
18.03144
0.89225
0.10994
18.20056
1.19777
1.14918
18.20695
1.4411
0.59445
22.90055
2.30961
0
22.90055
2.17725
0
23.42136
2.29804
0
23.42136
2.29804
0.82911
23.42136
2.45622
0.59445
22.90055
2.30961
1.29787
23.23353
2.96276
1.01698
23.53709
2.96437
0.55872
23.53709
4.25587
0.55872
23.53709
4.25587
0.75152
23.23353
4.50251
1.29787
23.23353
2.96276
0.75152
23.23353
4.50251
0.55872
23.53709
4.25587
0
23.53709
4.25587
0
23.53709
4.25587
0
23.23353
4.50251
0.75152
23.23353
4.50251
0
23.24875
1.73663
0
23.53709
2.17725
0.59445
23.5371
2.30961
0.59445
23.5371
2.30961
0.72316
23.25179
2.0283
0
23.24875
1.73663
0.72316
23.25179
2.0283
0.59445
23.5371
2.30961
0.82911
23.53709
2.45622
0.82911
23.53709
2.45622
1.05211
23.23353
2.29804
0.72316
23.25179
2.0283
1.05211
23.23353
2.29804
0.82911
23.53709
2.45622
1.01698
23.53709
2.96437
1.01698
23.53709
2.96437
1.29787
23.23353
2.96276
1.05211
23.23353
2.29804
0.55872
23.53709
4.25587
0.55872
22.90054
4.25587
0
22.90055
4.25587
0
22.90055
4.25587
0
23.53709
4.25587
0.55872
23.53709
4.25587
0
23.53709
2.17725
0
22.90055
2.17725
0.59445
22.90055
2.30961
0.59445
22.90055
2.30961
0.59445
23.5371
2.30961
0
23.53709
2.17725
0.59445
23.5371
2.30961
0.59445
22.90055
2.30961
0.82911
23.42136
2.45622
0.82911
23.42136
2.45622
0.82911
23.53709
2.45622
0.59445
23.5371
2.30961
1.01698
23.42136
2.96437
1.01698
22.91429
2.96437
0
22.9143
2.96276
0
22.9143
2.96276
0
23.42136
2.96276
1.01698
23.42136
2.96437
0
23.42136
3.36976
0.8686
23.42136
3.38253
0.8686
22.91429
3.38253
0.8686
22.91429
3.38253
0
22.9143
3.36976
0
23.42136
3.36976
0.70709
23.42136
3.8377
0.70709
22.91429
3.8377
0
22.9143
3.84887
0
22.9143
3.84887
0
23.42136
3.84887
0.70709
23.42136
3.8377
0
23.42136
2.6304
0.92304
23.42136
2.7103
0.92304
22.91429
2.7103
0.92304
22.91429
2.7103
0
22.9143
2.6304
0
23.42136
2.6304
0.55872
22.90054
4.25587
0.70709
23.42136
3.8377
0
23.42136
3.84887
0
23.42136
3.84887
0
22.90055
4.25587
0.55872
22.90054
4.25587
1.01698
22.91429
2.96437
0.92304
23.42136
2.7103
0
23.42136
2.6304
0
23.42136
2.6304
0
22.9143
2.96276
1.01698
22.91429
2.96437
0.8686
22.91429
3.38253
1.01698
23.42136
2.96437
0
23.42136
2.96276
0
23.42136
2.96276
0
22.9143
3.36976
0.8686
22.91429
3.38253
0.70709
22.91429
3.8377
0.8686
23.42136
3.38253
0
23.42136
3.36976
0
23.42136
3.36976
0
22.9143
3.84887
0.70709
22.91429
3.8377
0.92304
22.91429
2.7103
0.82911
23.42136
2.45622
0
23.42136
2.29804
0
23.42136
2.29804
0
22.9143
2.6304
0.92304
22.91429
2.7103
0.70709
23.42136
3.8377
0.55872
22.90054
4.25587
0.55872
23.53709
4.25587
0.92304
23.42136
2.7103
1.01698
22.91429
2.96437
1.01698
23.42136
2.96437
1.01698
23.42136
2.96437
0.8686
22.91429
3.38253
0.8686
23.42136
3.38253
0.8686
23.42136
3.38253
0.70709
22.91429
3.8377
0.70709
23.42136
3.8377
0.82911
23.42136
2.45622
0.92304
22.91429
2.7103
0.92304
23.42136
2.7103
0.92304
23.42136
2.7103
0.82911
23.53709
2.45622
0.82911
23.42136
2.45622
1.01698
23.42136
2.96437
1.01698
23.53709
2.96437
0.82911
23.53709
2.45622
0.82911
23.53709
2.45622
0.92304
23.42136
2.7103
1.01698
23.42136
2.96437
0.8686
23.42136
3.38253
1.01698
23.53709
2.96437
1.01698
23.42136
2.96437
0.70709
23.42136
3.8377
0.55872
23.53709
4.25587
1.01698
23.53709
2.96437
1.01698
23.53709
2.96437
0.8686
23.42136
3.38253
0.70709
23.42136
3.8377
1.34571
18.65546
1.58033
1.14821
18.59768
1.43647
0.10897
18.5913
1.19313
0.10897
18.5913
1.19313
0
18.65216
1.26384
1.34571
18.65546
1.58033
0
18.65216
1.26384
0.10897
18.5913
1.19313
0.10948
18.42217
0.88761
0.10948
18.42217
0.88761
0
18.35953
0.75833
0
18.65216
1.26384
0
18.35953
0.75833
0.10948
18.42217
0.88761
0.98337
18.42184
1.14185
0.98337
18.42184
1.14185
1.06063
18.36272
1.06589
0
18.35953
0.75833
1.06063
18.36272
1.06589
0.98337
18.42184
1.14185
1.14821
18.59768
1.43647
1.14821
18.59768
1.43647
1.34571
18.65546
1.58033
1.06063
18.36272
1.06589
1.14821
18.59768
1.43647
1.14918
18.20695
1.4411
0.10994
18.20056
1.19777
0.10994
18.20056
1.19777
0.10897
18.5913
1.19313
1.14821
18.59768
1.43647
0.10897
18.5913
1.19313
0.10994
18.20056
1.19777
0.11045
18.03144
0.89225
0.11045
18.03144
0.89225
0.10948
18.42217
0.88761
0.10897
18.5913
1.19313
0.10948
18.42217
0.88761
0.11045
18.03144
0.89225
0.98434
18.0311
1.14649
0.98434
18.0311
1.14649
0.98337
18.42184
1.14185
0.10948
18.42217
0.88761
0.98337
18.42184
1.14185
0.98434
18.0311
1.14649
1.14918
18.20695
1.4411
1.14918
18.20695
1.4411
1.14821
18.59768
1.43647
0.98337
18.42184
1.14185
7.39501
-12.23508
4.85266
5.73267
-2.12708
4.31621
3.28584
-2.23822
7.99829
3.28584
-2.23822
7.99829
3.25476
-12.22042
10.99892
7.39501
-12.23508
4.85266
3.28584
-2.23822
7.99829
5.73267
-2.12708
4.31621
3.71788
8.49335
3.74601
3.71788
8.49335
3.74601
0.79842
8.49334
7.7507
3.28584
-2.23822
7.99829
3.71788
8.49335
3.74601
2.03733
18.6421
3.20642
0.76718
18.6421
5.63503
0.76718
18.6421
5.63503
0.79842
8.49334
7.7507
3.71788
8.49335
3.74601
2.03733
18.6421
3.20642
1.29787
23.23353
2.96276
0.75152
23.23353
4.50251
0.75152
23.23353
4.50251
0.76718
18.6421
5.63503
2.03733
18.6421
3.20642
7.39501
-12.23508
4.85266
19.48351
-12.23545
1.11935
13.82337
-1.29537
1.55107
13.82337
-1.29537
1.55107
5.73267
-2.12708
4.31621
7.39501
-12.23508
4.85266
5.73267
-2.12708
4.31621
13.82337
-1.29537
1.55107
8.43447
9.28949
2.05222
8.43447
9.28949
2.05222
3.71788
8.49335
3.74601
5.73267
-2.12708
4.31621
3.71788
8.49335
3.74601
8.43447
9.28949
2.05222
3.16661
19.43826
2.71304
3.16661
19.43826
2.71304
2.03733
18.6421
3.20642
3.71788
8.49335
3.74601
2.03733
18.6421
3.20642
3.16661
19.43826
2.71304
1.29787
23.23353
2.96276
1.34571
18.65546
1.58033
2.98202
19.43826
1.9171
8.73498
9.28949
1.03377
8.73498
9.28949
1.03377
2.59449
8.49653
0.65264
1.34571
18.65546
1.58033
2.59449
8.49653
0.65264
8.73498
9.28949
1.03377
14.30239
-1.27553
0.2612
14.30239
-1.27553
0.2612
3.95743
-2.07801
-0.20876
2.59449
8.49653
0.65264
3.95743
-2.07801
-0.20876
14.30239
-1.27553
0.2612
20.20453
-12.23548
-0.45156
20.20453
-12.23548
-0.45156
5.37601
-12.25037
-1.02363
3.95743
-2.07801
-0.20876
1.34571
18.65546
1.58033
0.72316
23.25179
2.0283
1.05211
23.23353
2.29804
1.05211
23.23353
2.29804
2.98202
19.43826
1.9171
1.34571
18.65546
1.58033
5.37601
-12.25037
-1.02363
10.12894
-12.23516
-0.28266
11.6213
-12.23521
0.94723
11.6213
-12.23521
0.94723
8.4386
-12.23511
1.19595
5.37601
-12.25037
-1.02363
8.4386
-12.23511
1.19595
11.6213
-12.23521
0.94723
11.88711
-12.23522
1.76743
11.88711
-12.23522
1.76743
8.70648
-12.23512
2.61206
8.4386
-12.23511
1.19595
8.70648
-12.23512
2.61206
11.88711
-12.23522
1.76743
11.35337
-12.2352
2.67931
11.35337
-12.2352
2.67931
7.39501
-12.23508
4.85266
8.70648
-12.23512
2.61206
7.39501
-12.23508
4.85266
11.35337
-12.2352
2.67931
18.38767
-12.23542
0.56241
18.38767
-12.23542
0.56241
19.48351
-12.23545
1.11935
7.39501
-12.23508
4.85266
19.48351
-12.23545
1.11935
18.38767
-12.23542
0.56241
18.60744
-12.23543
0.08358
18.60744
-12.23543
0.08358
20.20453
-12.23548
-0.45156
19.48351
-12.23545
1.11935
20.20453
-12.23548
-0.45156
18.60744
-12.23543
0.08358
10.12894
-12.23516
-0.28266
10.12894
-12.23516
-0.28266
5.37601
-12.25037
-1.02363
20.20453
-12.23548
-0.45156
10.12894
-12.23516
-0.28266
10.38176
-11.50819
-0.12254
11.67407
-11.50823
0.94248
11.67407
-11.50823
0.94248
11.6213
-12.23521
0.94723
10.12894
-12.23516
-0.28266
11.6213
-12.23521
0.94723
11.67407
-11.50823
0.94248
11.90425
-11.50824
1.65274
11.90425
-11.50824
1.65274
11.88711
-12.23522
1.76743
11.6213
-12.23521
0.94723
11.88711
-12.23522
1.76743
11.90425
-11.50824
1.65274
11.44206
-11.50823
2.44238
11.44206
-11.50823
2.44238
11.35337
-12.2352
2.67931
11.88711
-12.23522
1.76743
11.35337
-12.2352
2.67931
11.44206
-11.50823
2.44238
17.53342
-11.50847
0.60925
17.53342
-11.50847
0.60925
18.38767
-12.23542
0.56241
11.35337
-12.2352
2.67931
18.38767
-12.23542
0.56241
17.53342
-11.50847
0.60925
17.72373
-11.50845
0.19461
17.72373
-11.50845
0.19461
18.60744
-12.23543
0.08358
18.38767
-12.23542
0.56241
18.60744
-12.23543
0.08358
17.72373
-11.50845
0.19461
10.38176
-11.50819
-0.12254
10.38176
-11.50819
-0.12254
10.12894
-12.23516
-0.28266
18.60744
-12.23543
0.08358
17.16386
-9.56505
0.67615
17.56288
-9.56901
1.0442
18.21365
-9.54871
0.59679
18.21365
-9.54871
0.59679
17.8772
-9.54093
0.04904
17.16386
-9.56505
0.67615
17.16386
-9.56505
0.67615
17.16386
-7.22421
0.67615
17.75387
-8.7063
1.02961
17.75387
-8.7063
1.02961
17.56288
-9.56901
1.0442
17.16386
-9.56505
0.67615
17.16386
-7.22421
0.67615
17.16386
-9.56505
0.67615
17.8772
-9.54093
0.04904
17.8772
-9.54093
0.04904
17.69566
-7.75773
0.07094
17.16386
-7.22421
0.67615
18.21365
-9.54871
0.59679
18.21365
-9.23791
0.59679
17.69566
-7.75773
0.07094
17.69566
-7.75773
0.07094
17.8772
-9.54093
0.04904
18.21365
-9.54871
0.59679
18.21365
-9.23791
0.59679
18.21365
-9.54871
0.59679
17.56288
-9.56901
1.0442
17.56288
-9.56901
1.0442
17.75387
-8.7063
1.02961
18.21365
-9.23791
0.59679
14.30239
-1.27553
0.2612
17.69566
-7.75773
0.07094
20.20453
-12.23548
-0.45156
13.82337
-1.29537
1.55107
17.16386
-7.22421
0.67615
17.69566
-7.75773
0.07094
17.69566
-7.75773
0.07094
14.30239
-1.27553
0.2612
13.82337
-1.29537
1.55107
20.20453
-12.23548
-0.45156
17.69566
-7.75773
0.07094
18.21365
-9.23791
0.59679
18.21365
-9.23791
0.59679
19.48351
-12.23545
1.11935
20.20453
-12.23548
-0.45156
17.16386
-7.22421
0.67615
13.82337
-1.29537
1.55107
17.75387
-8.7063
1.02961
18.21365
-9.23791
0.59679
17.75387
-8.7063
1.02961
19.48351
-12.23545
1.11935
17.75387
-8.7063
1.02961
13.82337
-1.29537
1.55107
19.48351
-12.23545
1.11935
-1e-005
-2.007
10.28758
0.88207
-2.01668
10.27245
0.71189
8.34858
7.69666
0.71189
8.34858
7.69666
-1e-005
8.34025
7.68363
-1e-005
-2.007
10.28758
1.352
-12.14832
11.40561
3.1429
-12.14911
10.91288
2.01398
-2.12709
10.04705
2.01398
-2.12709
10.04705
0.88207
-2.01668
10.27245
1.352
-12.14832
11.40561
0.88207
-2.01668
10.27245
2.01398
-2.12709
10.04705
0.71189
8.34858
7.69666
3.10673
-11.32971
10.77879
3.13582
-2.25371
8.05103
2.07208
-2.13475
9.98495
2.07208
-2.13475
9.98495
3.13582
-2.25371
8.05103
0.87653
7.48418
7.83821
17.72825
-9.18108
0.96093
18.12721
-9.18108
0.56197
18.12722
-3.1299
0.56197
18.12722
-3.1299
0.56197
17.72826
-3.1299
0.96093
17.72825
-9.18108
0.96093
17.72826
-3.1299
0.96093
18.12722
-3.1299
0.56197
18.31635
-3.00398
0.56197
18.31635
-3.00398
0.56197
17.72825
-3.00398
1.15006
17.72826
-3.1299
0.96093
17.72825
-3.00398
1.15006
18.31635
-3.00398
0.56197
18.31635
-1.41043
0.56197
18.31635
-1.41043
0.56197
17.72826
-1.41043
1.15006
17.72825
-3.00398
1.15006
17.72826
-1.41043
1.15006
18.31635
-1.41043
0.56197
18.41877
-1.31287
0.56197
18.41877
-1.31287
0.56197
17.72826
-1.31287
1.25248
17.72826
-1.41043
1.15006
17.72826
-1.31287
1.25248
18.41877
-1.31287
0.56197
18.41877
-0.27736
0.56197
18.41877
-0.27736
0.56197
17.72826
-0.27736
1.25248
17.72826
-1.31287
1.25248
17.72826
-0.27736
1.25248
18.41877
-0.27736
0.56197
18.19066
-0.12323
0.56197
18.19066
-0.12323
0.56197
17.72825
-0.12323
1.02437
17.72826
-0.27736
1.25248
17.72825
-0.12323
1.02437
18.19066
-0.12323
0.56197
18.19066
-1.31287
0.56197
18.19066
-1.31287
0.56197
17.72826
-1.31287
1.02437
17.72825
-0.12323
1.02437
17.72826
-1.31287
1.02437
18.19066
-1.31287
0.56197
18.12207
-1.41043
0.56197
18.12207
-1.41043
0.56197
17.72826
-1.41044
0.95579
17.72826
-1.31287
1.02437
17.72826
-1.41044
0.95579
18.12207
-1.41043
0.56197
18.12207
-3.00398
0.56197
18.12207
-3.00398
0.56197
17.72825
-3.00398
0.95579
17.72826
-1.41044
0.95579
17.72825
-3.00398
0.95579
18.12207
-3.00398
0.56197
17.99542
-3.1299
0.56197
17.99542
-3.1299
0.56197
17.72826
-3.1299
0.82913
17.72825
-3.00398
0.95579
17.72826
-3.1299
0.82913
17.99542
-3.1299
0.56197
17.99541
-9.18108
0.56197
17.99541
-9.18108
0.56197
17.72825
-9.18108
0.82913
17.72826
-3.1299
0.82913
17.72825
-9.18108
0.82913
17.99541
-9.18108
0.56197
18.12721
-9.18108
0.56197
18.12721
-9.18108
0.56197
17.72825
-9.18108
0.96093
17.72825
-9.18108
0.82913
18.12721
-9.18108
0.56197
17.72825
-9.18108
0.16301
17.72826
-3.1299
0.16301
17.72826
-3.1299
0.16301
18.12722
-3.1299
0.56197
18.12721
-9.18108
0.56197
18.12722
-3.1299
0.56197
17.72826
-3.1299
0.16301
17.72825
-3.00398
-0.02613
17.72825
-3.00398
-0.02613
18.31635
-3.00398
0.56197
18.12722
-3.1299
0.56197
18.31635
-3.00398
0.56197
17.72825
-3.00398
-0.02613
17.72826
-1.41043
-0.02613
17.72826
-1.41043
-0.02613
18.31635
-1.41043
0.56197
18.31635
-3.00398
0.56197
18.31635
-1.41043
0.56197
17.72826
-1.41043
-0.02613
17.72826
-1.31287
-0.12854
17.72826
-1.31287
-0.12854
18.41877
-1.31287
0.56197
18.31635
-1.41043
0.56197
18.41877
-1.31287
0.56197
17.72826
-1.31287
-0.12854
17.72826
-0.27736
-0.12854
17.72826
-0.27736
-0.12854
18.41877
-0.27736
0.56197
18.41877
-1.31287
0.56197
18.41877
-0.27736
0.56197
17.72826
-0.27736
-0.12854
17.72826
-0.12323
0.09957
17.72826
-0.12323
0.09957
18.19066
-0.12323
0.56197
18.41877
-0.27736
0.56197
18.19066
-0.12323
0.56197
17.72826
-0.12323
0.09957
17.72826
-1.31287
0.09957
17.72826
-1.31287
0.09957
18.19066
-1.31287
0.56197
18.19066
-0.12323
0.56197
18.19066
-1.31287
0.56197
17.72826
-1.31287
0.09957
17.72826
-1.41043
0.16815
17.72826
-1.41043
0.16815
18.12207
-1.41043
0.56197
18.19066
-1.31287
0.56197
18.12207
-1.41043
0.56197
17.72826
-1.41043
0.16815
17.72825
-3.00398
0.16815
17.72825
-3.00398
0.16815
18.12207
-3.00398
0.56197
18.12207
-1.41043
0.56197
18.12207
-3.00398
0.56197
17.72825
-3.00398
0.16815
17.72826
-3.1299
0.29481
17.72826
-3.1299
0.29481
17.99542
-3.1299
0.56197
18.12207
-3.00398
0.56197
17.99542
-3.1299
0.56197
17.72826
-3.1299
0.29481
17.72825
-9.18108
0.29481
17.72825
-9.18108
0.29481
17.99541
-9.18108
0.56197
17.99542
-3.1299
0.56197
17.99541
-9.18108
0.56197
17.72825
-9.18108
0.29481
17.72825
-9.18108
0.16301
17.72825
-9.18108
0.16301
18.12721
-9.18108
0.56197
17.99541
-9.18108
0.56197
17.72825
-9.18108
0.16301
17.3293
-9.18108
0.56197
17.3293
-3.1299
0.56197
17.3293
-3.1299
0.56197
17.72826
-3.1299
0.16301
17.72825
-9.18108
0.16301
17.72826
-3.1299
0.16301
17.3293
-3.1299
0.56197
17.14016
-3.00398
0.56197
17.14016
-3.00398
0.56197
17.72825
-3.00398
-0.02613
17.72826
-3.1299
0.16301
17.72825
-3.00398
-0.02613
17.14016
-3.00398
0.56197
17.14016
-1.41043
0.56197
17.14016
-1.41043
0.56197
17.72826
-1.41043
-0.02613
17.72825
-3.00398
-0.02613
17.72826
-1.41043
-0.02613
17.14016
-1.41043
0.56197
17.03774
-1.31287
0.56197
17.03774
-1.31287
0.56197
17.72826
-1.31287
-0.12854
17.72826
-1.41043
-0.02613
17.72826
-1.31287
-0.12854
17.03774
-1.31287
0.56197
17.03775
-0.27736
0.56197
17.03775
-0.27736
0.56197
17.72826
-0.27736
-0.12854
17.72826
-1.31287
-0.12854
17.72826
-0.27736
-0.12854
17.03775
-0.27736
0.56197
17.26586
-0.12322
0.56197
17.26586
-0.12322
0.56197
17.72826
-0.12323
0.09957
17.72826
-0.27736
-0.12854
17.72826
-0.12323
0.09957
17.26586
-0.12322
0.56197
17.26586
-1.31287
0.56197
17.26586
-1.31287
0.56197
17.72826
-1.31287
0.09957
17.72826
-0.12323
0.09957
17.72826
-1.31287
0.09957
17.26586
-1.31287
0.56197
17.33444
-1.41043
0.56197
17.33444
-1.41043
0.56197
17.72826
-1.41043
0.16815
17.72826
-1.31287
0.09957
17.72826
-1.41043
0.16815
17.33444
-1.41043
0.56197
17.33444
-3.00398
0.56197
17.33444
-3.00398
0.56197
17.72825
-3.00398
0.16815
17.72826
-1.41043
0.16815
17.72825
-3.00398
0.16815
17.33444
-3.00398
0.56197
17.46109
-3.1299
0.56197
17.46109
-3.1299
0.56197
17.72826
-3.1299
0.29481
17.72825
-3.00398
0.16815
17.72826
-3.1299
0.29481
17.46109
-3.1299
0.56197
17.46109
-9.18108
0.56197
17.46109
-9.18108
0.56197
17.72825
-9.18108
0.29481
17.72826
-3.1299
0.29481
17.72825
-9.18108
0.29481
17.46109
-9.18108
0.56197
17.3293
-9.18108
0.56197
17.3293
-9.18108
0.56197
17.72825
-9.18108
0.16301
17.72825
-9.18108
0.29481
17.3293
-9.18108
0.56197
17.72825
-9.18108
0.96093
17.72826
-3.1299
0.96093
17.72826
-3.1299
0.96093
17.3293
-3.1299
0.56197
17.3293
-9.18108
0.56197
17.3293
-3.1299
0.56197
17.72826
-3.1299
0.96093
17.72825
-3.00398
1.15006
17.72825
-3.00398
1.15006
17.14016
-3.00398
0.56197
17.3293
-3.1299
0.56197
17.14016
-3.00398
0.56197
17.72825
-3.00398
1.15006
17.72826
-1.41043
1.15006
17.72826
-1.41043
1.15006
17.14016
-1.41043
0.56197
17.14016
-3.00398
0.56197
17.14016
-1.41043
0.56197
17.72826
-1.41043
1.15006
17.72826
-1.31287
1.25248
17.72826
-1.31287
1.25248
17.03774
-1.31287
0.56197
17.14016
-1.41043
0.56197
17.03774
-1.31287
0.56197
17.72826
-1.31287
1.25248
17.72826
-0.27736
1.25248
17.72826
-0.27736
1.25248
17.03775
-0.27736
0.56197
17.03774
-1.31287
0.56197
17.03775
-0.27736
0.56197
17.72826
-0.27736
1.25248
17.72825
-0.12323
1.02437
17.72825
-0.12323
1.02437
17.26586
-0.12322
0.56197
17.03775
-0.27736
0.56197
17.26586
-0.12322
0.56197
17.72825
-0.12323
1.02437
17.72826
-1.31287
1.02437
17.72826
-1.31287
1.02437
17.26586
-1.31287
0.56197
17.26586
-0.12322
0.56197
17.26586
-1.31287
0.56197
17.72826
-1.31287
1.02437
17.72826
-1.41044
0.95579
17.72826
-1.41044
0.95579
17.33444
-1.41043
0.56197
17.26586
-1.31287
0.56197
17.33444
-1.41043
0.56197
17.72826
-1.41044
0.95579
17.72825
-3.00398
0.95579
17.72825
-3.00398
0.95579
17.33444
-3.00398
0.56197
17.33444
-1.41043
0.56197
17.33444
-3.00398
0.56197
17.72825
-3.00398
0.95579
17.72826
-3.1299
0.82913
17.72826
-3.1299
0.82913
17.46109
-3.1299
0.56197
17.33444
-3.00398
0.56197
17.46109
-3.1299
0.56197
17.72826
-3.1299
0.82913
17.72825
-9.18108
0.82913
17.72825
-9.18108
0.82913
17.46109
-9.18108
0.56197
17.46109
-3.1299
0.56197
17.46109
-9.18108
0.56197
17.72825
-9.18108
0.82913
17.72825
-9.18108
0.96093
17.72825
-9.18108
0.96093
17.3293
-9.18108
0.56197
17.46109
-9.18108
0.56197
0.72398
-15.35336
13.86024
0.10072
-15.35336
13.86024
0.10072
-15.35334
11.93861
0.10072
-15.35334
11.93861
1.21291
-15.35334
11.93861
0.72398
-15.35336
13.86024
-2e-005
-18.33506
8.8719
-2e-005
-16.09139
8.4808
4.49158
-16.09139
3.98921
4.49158
-16.09139
3.98921
4.88269
-18.33505
3.9892
-2e-005
-18.33506
8.8719
4.88269
-18.33505
3.9892
4.49158
-16.09139
3.98921
-1e-005
-16.09139
-0.50239
-1e-005
-16.09139
-0.50239
-1e-005
-18.33506
-0.8935
4.88269
-18.33505
3.9892
-2e-005
-19.74457
7.70429
-2e-005
-16.09139
7.2667
3.27748
-16.09139
3.9892
3.27748
-16.09139
3.9892
3.71508
-19.74457
3.9892
-2e-005
-19.74457
7.70429
3.71508
-19.74457
3.9892
3.27748
-16.09139
3.9892
-1e-005
-16.09139
0.71171
-1e-005
-16.09139
0.71171
-1e-005
-19.74457
0.27411
3.71508
-19.74457
3.9892
-2e-005
-21.27059
6.58352
-1e-005
-16.09139
6.19613
2.20691
-16.09139
3.9892
2.20691
-16.09139
3.9892
2.5943
-21.27058
3.9892
-2e-005
-21.27059
6.58352
2.5943
-21.27058
3.9892
2.20691
-16.09139
3.9892
-1e-005
-16.09139
1.78227
-1e-005
-16.09139
1.78227
-2e-005
-21.27058
1.39489
2.5943
-21.27058
3.9892
10.38176
-11.50819
-0.12254
17.72373
-11.50845
0.19461
11.67407
-11.50823
0.94248
11.67407
-11.50823
0.94248
17.72373
-11.50845
0.19461
17.53342
-11.50847
0.60925
17.53342
-11.50847
0.60925
11.90425
-11.50824
1.65274
11.67407
-11.50823
0.94248
11.90425
-11.50824
1.65274
17.53342
-11.50847
0.60925
11.44206
-11.50823
2.44238