0.2149
0.6269
0.2149
0.561
0.1362
0.561
0.1362
0.561
0.1362
0.6269
0.2149
0.6269
0.2403
0.0811
0.2804
0.0811
0.2804
0.0147
0.2804
0.0147
0.2403
0.0147
0.2403
0.0811
0.0824
0.0811
0.1591
0.0811
0.1591
0.0147
0.1591
0.0147
0.0824
0.0147
0.0824
0.0811
0.3001
0.3042
0.2531
0.3042
0.1927
0.3579
0.2330
0.3943
0.3001
0.3042
0.1927
0.3579
0.1728
0.3943
0.2330
0.3943
0.1927
0.3579
0.7574
0.4176
0.8090
0.2388
0.7779
0.257
0.7779
0.257
0.7371
0.3943
0.7574
0.4176
0.7371
0.3943
0.6820
0.3943
0.6958
0.4176
0.6958
0.4176
0.7574
0.4176
0.7371
0.3943
0.2531
0.3042
0.3001
0.3042
0.2835
0.2876
0.2835
0.2876
0.2436
0.2876
0.2531
0.3042
0.1728
0.3943
0.1927
0.3579
0.1627
0.3412
0.1627
0.3412
0.1337
0.4176
0.1728
0.3943
0.9871
0.0147
0.8077
0.0147
0.8077
0.0811
0.8077
0.0811
0.9871
0.0811
0.9871
0.0147
0.2193
0.1793
0.2804
0.1793
0.2804
0.0915
0.2804
0.0915
0.2193
0.0915
0.2193
0.1793
0.0155
0.1792
0.0521
0.1792
0.0521
0.0915
0.0521
0.0915
0.0155
0.0915
0.0155
0.1792
0.8891
0.5045
0.8692
0.4905
0.8590
0.5162
0.1337
0.4176
0.2129
0.4176
0.2129
0.4402
0.2129
0.4402
0.1079
0.4402
0.1337
0.4176
0.7574
0.4176
0.6958
0.4176
0.7147
0.4402
0.7147
0.4402
0.7715
0.4402
0.7574
0.4176
0.8090
0.2388
0.7569
0.2388
0.7721
0.216
0.7721
0.216
0.8423
0.216
0.8090
0.2388
0.8090
0.2388
0.7574
0.4176
0.7715
0.4402
0.7715
0.4402
0.8423
0.216
0.8090
0.2388
0.7574
0.4176
0.8090
0.2388
0.8423
0.216
0.8423
0.216
0.7715
0.4402
0.7574
0.4176
0.6052
0.6269
0.6052
0.561
0.4027
0.561
0.4027
0.561
0.4027
0.6269
0.6052
0.6269
0.6741
0.0811
0.6741
0.0147
0.4698
0.0147
0.4698
0.0147
0.4698
0.0811
0.6741
0.0811
0.5862
0.3707
0.5862
0.3234
0.4862
0.3234
0.4862
0.3234
0.4862
0.3708
0.5862
0.3707
0.2330
0.3943
0.2129
0.4176
0.4016
0.4176
0.4016
0.4176
0.4047
0.3943
0.2330
0.3943
0.6650
0.257
0.6758
0.2388
0.4723
0.2876
0.4723
0.2876
0.4718
0.3042
0.6650
0.257
0.2149
0.4603
0.2149
0.5474
0.4027
0.5474
0.4027
0.5474
0.4027
0.4603
0.2149
0.4603
0.6052
0.4176
0.6052
0.4402
0.4016
0.4402
0.4016
0.4402
0.4016
0.4176
0.6052
0.4176
0.2129
0.4176
0.2129
0.4402
0.4016
0.4402
0.4016
0.4402
0.4016
0.4176
0.2129
0.4176
0.3480
0.2767
0.3480
0.2648
0.3989
0.2648
0.3989
0.2648
0.3989
0.2767
0.3480
0.2767
0.6758
0.2388
0.6758
0.216
0.4723
0.2648
0.4723
0.2648
0.4723
0.2876
0.6758
0.2388
0.4027
0.6269
0.4027
0.561
0.2149
0.561
0.2149
0.561
0.2149
0.6269
0.4027
0.6269
0.3961
0.0811
0.3961
0.0147
0.3451
0.0147
0.3451
0.0147
0.3451
0.0811
0.3961
0.0811
0.4047
0.3943
0.4718
0.3042
0.3001
0.3042
0.3001
0.3042
0.2330
0.3943
0.4047
0.3943
0.3961
0.2208
0.3961
0.1895
0.3451
0.1897
0.3451
0.1897
0.3451
0.2208
0.3961
0.2208
0.3961
0.1792
0.3961
0.0915
0.3451
0.0915
0.3451
0.0915
0.3451
0.1793
0.3961
0.1792
0.2129
0.4176
0.4016
0.4176
0.4016
0.4402
0.4016
0.4402
0.2129
0.4402
0.2129
0.4176
0.3480
0.2761
0.3989
0.2767
0.3989
0.2648
0.3989
0.2648
0.3480
0.2648
0.3480
0.2761
0.1728
0.3943
0.1337
0.4176
0.2129
0.4176
0.2129
0.4176
0.2330
0.3943
0.1728
0.3943
0.1105
0.4603
0.1105
0.5474
0.2149
0.5474
0.2149
0.5474
0.2149
0.4603
0.1105
0.4603
0.1337
0.4176
0.1079
0.4402
0.2129
0.4402
0.2129
0.4402
0.2129
0.4176
0.1337
0.4176
0.4047
0.3943
0.4016
0.4176
0.6052
0.4176
0.6052
0.4176
0.5979
0.3943
0.4047
0.3943
0.4027
0.4603
0.4027
0.5474
0.6052
0.5474
0.6052
0.5474
0.6052
0.4603
0.4027
0.4603
0.6052
0.4176
0.4016
0.4176
0.4016
0.4402
0.4016
0.4402
0.6052
0.4402
0.6052
0.4176
0.6758
0.2388
0.4723
0.2876
0.4723
0.2648
0.4723
0.2648
0.6758
0.216
0.6758
0.2388
0.6953
0.6269
0.6953
0.561
0.6052
0.561
0.6052
0.561
0.6052
0.6269
0.6953
0.6269
0.7554
0.0811
0.7554
0.0147
0.6741
0.0147
0.6741
0.0147
0.6741
0.0811
0.7554
0.0811
0.6820
0.3943
0.7400
0.257
0.6650
0.257
0.6650
0.257
0.5979
0.3943
0.6820
0.3943
0.7400
0.257
0.7569
0.2388
0.6758
0.2388
0.6758
0.2388
0.6650
0.257
0.7400
0.257
0.7838
0.1766
0.7838
0.0942
0.6739
0.0968
0.6739
0.0968
0.6739
0.1739
0.7838
0.1766
0.6958
0.4176
0.7147
0.4402
0.6052
0.4402
0.6052
0.4402
0.6052
0.4176
0.6958
0.4176
0.7569
0.2388
0.7721
0.216
0.6758
0.216
0.6758
0.216
0.6758
0.2388
0.7569
0.2388
0.7721
0.216
0.7853
0.1923
0.6757
0.1857
0.6757
0.1857
0.6758
0.216
0.7721
0.216
0.5979
0.3943
0.6052
0.4176
0.6958
0.4176
0.6958
0.4176
0.6820
0.3943
0.5979
0.3943
0.6052
0.4603
0.6052
0.5474
0.7141
0.5474
0.7141
0.5474
0.7141
0.4603
0.6052
0.4603
0.6958
0.4176
0.6052
0.4176
0.6052
0.4402
0.6052
0.4402
0.7147
0.4402
0.6958
0.4176
0.7569
0.2388
0.6758
0.2388
0.6758
0.216
0.6758
0.216
0.7721
0.216
0.7569
0.2388
0.7566
0.6269
0.7566
0.561
0.6953
0.561
0.6953
0.561
0.6953
0.6269
0.7566
0.6269
0.8077
0.0811
0.8077
0.0147
0.7554
0.0147
0.7554
0.0147
0.7554
0.0811
0.8077
0.0811
0.7371
0.3943
0.7779
0.257
0.7400
0.257
0.7400
0.257
0.6820
0.3943
0.7371
0.3943
0.7779
0.257
0.8090
0.2388
0.7569
0.2388
0.7569
0.2388
0.7400
0.257
0.7779
0.257
0.7574
0.4176
0.7715
0.4402
0.7147
0.4402
0.7147
0.4402
0.6958
0.4176
0.7574
0.4176
0.8090
0.2388
0.8423
0.216
0.7721
0.216
0.7721
0.216
0.7569
0.2388
0.8090
0.2388
0.6758
0.216
0.6757
0.1857
0.7853
0.1923
0.7853
0.1923
0.7721
0.216
0.6758
0.216
0.8334
0.1494
0.8143
0.2046
0.9097
0.2046
0.9097
0.2046
0.8906
0.1494
0.8334
0.1494
0.8350
0.1192
0.8334
0.1494
0.8906
0.1494
0.8906
0.1494
0.8890
0.1192
0.8350
0.1192
0.9183
0.2046
0.9183
0.158
0.9097
0.1584
0.9097
0.1584
0.9097
0.2046
0.9183
0.2046
0.9183
0.158
0.9166
0.1043
0.9070
0.1044
0.9070
0.1044
0.9097
0.1584
0.9183
0.158
0.9149
0.0958
0.8092
0.0958
0.8170
0.1044
0.8170
0.1044
0.9070
0.1044
0.9149
0.0958
0.8092
0.0958
0.8074
0.1043
0.8170
0.1044
0.8057
0.158
0.8057
0.2046
0.8143
0.2046
0.8143
0.2046
0.8143
0.1584
0.8057
0.158
0.8891
0.2735
0.9449
0.2735
0.9751
0.2662
0.8891
0.2735
0.9751
0.2662
0.9616
0.2634
0.8891
0.2735
0.9616
0.2634
0.8724
0.2634
0.8590
0.2662
0.8891
0.2735
0.8724
0.2634
0.9097
0.1584
0.8906
0.1494
0.9097
0.2046
0.9097
0.1584
0.9070
0.1044
0.8890
0.1192
0.8890
0.1192
0.8906
0.1494
0.9097
0.1584
0.9070
0.1044
0.8170
0.1044
0.8350
0.1192
0.8350
0.1192
0.8890
0.1192
0.9070
0.1044
0.8170
0.1044
0.8143
0.1584
0.8334
0.1494
0.8334
0.1494
0.8350
0.1192
0.8170
0.1044
0.8143
0.1584
0.8143
0.2046
0.8334
0.1494
0.7853
0.1923
0.7852
0.1857
0.6757
0.1857
0.6757
0.1857
0.7852
0.1857
0.7853
0.1923
0.9166
0.1043
0.9149
0.0958
0.9070
0.1044
0.8057
0.158
0.8143
0.1584
0.8170
0.1044
0.8170
0.1044
0.8074
0.1043
0.8057
0.158
0.9449
0.5045
0.9751
0.5162
0.9648
0.4905
0.8692
0.2861
0.8891
0.2735
0.8590
0.2662
0.9751
0.2662
0.9449
0.2735
0.9648
0.2861
0.7706
0.4603
0.7141
0.4603
0.7141
0.5474
0.7141
0.5474
0.7706
0.5474
0.7706
0.4603
0.8891
0.5045
0.8590
0.5162
0.9751
0.5162
0.9751
0.5162
0.9449
0.5045
0.8891
0.5045
0.9358
0.302
0.8989
0.302
0.8990
0.478
0.8990
0.478
0.9358
0.478
0.9358
0.302
0.8989
0.302
0.8896
0.3091
0.8896
0.4694
0.8896
0.4694
0.8990
0.478
0.8989
0.302
0.9451
0.3091
0.9358
0.302
0.9358
0.478
0.9358
0.478
0.9451
0.4694
0.9451
0.3091
0.8692
0.2861
0.8590
0.2662
0.8590
0.5162
0.8590
0.5162
0.8692
0.4905
0.8692
0.2861
0.9751
0.2662
0.9648
0.2861
0.9648
0.4905
0.9648
0.4905
0.9751
0.5162
0.9751
0.2662
0.8739
0.4893
0.8891
0.501
0.8898
0.4989
0.8898
0.4989
0.8760
0.4883
0.8739
0.4893
0.8891
0.501
0.9449
0.501
0.9442
0.4989
0.9442
0.4989
0.8898
0.4989
0.8891
0.501
0.9449
0.501
0.9601
0.4893
0.9581
0.4883
0.9581
0.4883
0.9442
0.4989
0.9449
0.501
0.9601
0.4893
0.9601
0.2882
0.9581
0.2893
0.9581
0.2893
0.9581
0.4883
0.9601
0.4893
0.9601
0.2882
0.9449
0.2784
0.9443
0.2805
0.9443
0.2805
0.9581
0.2893
0.9601
0.2882
0.9449
0.2784
0.8891
0.2784
0.8897
0.2805
0.8897
0.2805
0.9443
0.2805
0.9449
0.2784
0.8891
0.2784
0.8739
0.2882
0.8760
0.2893
0.8760
0.2893
0.8897
0.2805
0.8891
0.2784
0.8739
0.2882
0.8739
0.4893
0.8760
0.4883
0.8760
0.4883
0.8760
0.2893
0.8739
0.2882
0.8760
0.4883
0.8898
0.4989
0.8990
0.478
0.8990
0.478
0.8896
0.4694
0.8760
0.4883
0.8898
0.4989
0.9442
0.4989
0.9358
0.478
0.9358
0.478
0.8990
0.478
0.8898
0.4989
0.9442
0.4989
0.9581
0.4883
0.9451
0.4694
0.9451
0.4694
0.9358
0.478
0.9442
0.4989
0.9581
0.4883
0.9581
0.2893
0.9451
0.3091
0.9451
0.3091
0.9451
0.4694
0.9581
0.4883
0.9581
0.2893
0.9443
0.2805
0.9358
0.302
0.9358
0.302
0.9451
0.3091
0.9581
0.2893
0.9443
0.2805
0.8897
0.2805
0.8989
0.302
0.8989
0.302
0.9358
0.302
0.9443
0.2805
0.8897
0.2805
0.8760
0.2893
0.8896
0.3091
0.8896
0.3091
0.8989
0.302
0.8897
0.2805
0.8760
0.2893
0.8760
0.4883
0.8896
0.4694
0.8896
0.4694
0.8896
0.3091
0.8760
0.2893
0.2804
0.0147
0.2804
0.0811
0.3384
0.0811
0.3384
0.0811
0.3384
0.0147
0.2804
0.0147
0.2835
0.2876
0.2835
0.2648
0.3414
0.2648
0.3414
0.2648
0.3414
0.2876
0.2835
0.2876
0.2804
0.0915
0.2804
0.1793
0.3384
0.1793
0.3384
0.1793
0.3384
0.0915
0.2804
0.0915
0.2835
0.2648
0.2835
0.2876
0.3414
0.287
0.3414
0.287
0.3414
0.2648
0.2835
0.2648
0.2835
0.2876
0.3001
0.3042
0.3414
0.2999
0.3414
0.2999
0.3414
0.287
0.2835
0.2876
0.3001
0.3042
0.4718
0.3042
0.4055
0.2999
0.4055
0.2999
0.3414
0.2999
0.3001
0.3042
0.4718
0.3042
0.4723
0.2876
0.4055
0.2876
0.4055
0.2876
0.4055
0.2999
0.4718
0.3042
0.4723
0.2876
0.4723
0.2648
0.4055
0.2648
0.4055
0.2648
0.4055
0.2876
0.4723
0.2876
0.4698
0.1793
0.4698
0.0915
0.4028
0.0915
0.4028
0.0915
0.4028
0.1793
0.4698
0.1793
0.4723
0.2648
0.4723
0.2876
0.4055
0.2876
0.4055
0.2876
0.4055
0.2648
0.4723
0.2648
0.4698
0.0811
0.4698
0.0147
0.4028
0.0147
0.4028
0.0147
0.4028
0.0811
0.4698
0.0811
0.3384
0.0147
0.3384
0.0811
0.3451
0.0811
0.3451
0.0811
0.3451
0.0147
0.3384
0.0147
0.3414
0.2876
0.3414
0.2648
0.3480
0.2648
0.3480
0.2648
0.3480
0.2767
0.3414
0.2876
0.3384
0.0915
0.3384
0.1793
0.3451
0.1793
0.3451
0.1793
0.3451
0.0915
0.3384
0.0915
0.3414
0.2648
0.3414
0.287
0.3480
0.2761
0.3480
0.2761
0.3480
0.2648
0.3414
0.2648
0.3384
0.1896
0.3384
0.2268
0.3451
0.2208
0.3451
0.2208
0.3451
0.1897
0.3384
0.1896
0.3384
0.2268
0.4028
0.2268
0.3961
0.2208
0.3961
0.2208
0.3451
0.2208
0.3384
0.2268
0.4028
0.2268
0.4028
0.1896
0.3961
0.1895
0.3961
0.1895
0.3961
0.2208
0.4028
0.2268
0.4055
0.2876
0.4055
0.2648
0.3989
0.2648
0.3989
0.2648
0.3989
0.2767
0.4055
0.2876
0.4028
0.1793
0.4028
0.0915
0.3961
0.0915
0.3961
0.0915
0.3961
0.1792
0.4028
0.1793
0.4055
0.2648
0.4055
0.2876
0.3989
0.2767
0.3989
0.2767
0.3989
0.2648
0.4055
0.2648
0.4028
0.0811
0.4028
0.0147
0.3961
0.0147
0.3961
0.0147
0.3961
0.0811
0.4028
0.0811
0.8739
0.4893
0.8739
0.2882
0.8692
0.2861
0.8692
0.2861
0.8692
0.4905
0.8739
0.4893
0.8499
0.2569
0.8499
0.524
0.8590
0.5162
0.8590
0.5162
0.8590
0.2662
0.8499
0.2569
0.9841
0.524
0.9841
0.2569
0.9751
0.2662
0.9751
0.2662
0.9751
0.5162
0.9841
0.524
0.9601
0.2882
0.9601
0.4893
0.9648
0.4905
0.9648
0.4905
0.9648
0.2861
0.9601
0.2882
0.8891
0.501
0.8739
0.4893
0.8692
0.4905
0.8692
0.4905
0.8891
0.5045
0.8891
0.501
0.8499
0.524
0.9841
0.524
0.9751
0.5162
0.9751
0.5162
0.8590
0.5162
0.8499
0.524
0.9601
0.4893
0.9449
0.501
0.9449
0.5045
0.9449
0.5045
0.9648
0.4905
0.9601
0.4893
0.9449
0.501
0.8891
0.501
0.8891
0.5045
0.8891
0.5045
0.9449
0.5045
0.9449
0.501
0.9739
0.2569
0.8601
0.2569
0.8724
0.2634
0.8724
0.2634
0.9616
0.2634
0.9739
0.2569
0.8601
0.2569
0.8499
0.2569
0.8590
0.2662
0.8590
0.2662
0.8724
0.2634
0.8601
0.2569
0.8739
0.2882
0.8891
0.2784
0.8891
0.2735
0.8891
0.2735
0.8692
0.2861
0.8739
0.2882
0.8891
0.2784
0.9449
0.2784
0.9449
0.2735
0.9449
0.2735
0.8891
0.2735
0.8891
0.2784
0.9449
0.2784
0.9601
0.2882
0.9648
0.2861
0.9648
0.2861
0.9449
0.2735
0.9449
0.2784
0.9841
0.2569
0.9739
0.2569
0.9616
0.2634
0.9616
0.2634
0.9751
0.2662
0.9841
0.2569
0.2403
0.0147
0.1591
0.0147
0.1591
0.0811
0.1591
0.0811
0.2403
0.0811
0.2403
0.0147
0.2436
0.2876
0.1627
0.3412
0.1927
0.3579
0.1927
0.3579
0.2531
0.3042
0.2436
0.2876
0.2193
0.0915
0.1335
0.0915
0.1335
0.1793
0.1335
0.1793
0.2193
0.1793
0.2193
0.0915
0.2436
0.2876
0.2835
0.2876
0.2835
0.2648
0.2835
0.2648
0.2227
0.2648
0.2436
0.2876
0.2835
0.2876
0.2436
0.2876
0.2227
0.2648
0.2227
0.2648
0.2835
0.2648
0.2835
0.2876
0.2436
0.2876
0.1627
0.3412
0.1371
0.3226
0.1371
0.3226
0.2227
0.2648
0.2436
0.2876
0.1627
0.3412
0.2436
0.2876
0.2227
0.2648
0.2227
0.2648
0.1371
0.3226
0.1627
0.3412
0.0521
0.0915
0.0521
0.1792
0.1335
0.1793
0.1335
0.1793
0.1335
0.0915
0.0521
0.0915
0.1627
0.3412
0.1337
0.4176
0.1079
0.4037
0.1079
0.4037
0.1371
0.3226
0.1627
0.3412
0.1337
0.4176
0.1627
0.3412
0.1371
0.3226
0.1371
0.3226
0.1079
0.4037
0.1337
0.4176
0.1079
0.4037
0.1079
0.4402
0.1337
0.4176
0.1079
0.4402
0.1079
0.4037
0.1337
0.4176
0.6650
0.257
0.4718
0.3042
0.4767
0.3144
0.4767
0.3144
0.5957
0.3143
0.6650
0.257
0.4718
0.3042
0.4047
0.3943
0.4767
0.3798
0.4767
0.3798
0.4767
0.3144
0.4718
0.3042
0.4047
0.3943
0.5979
0.3943
0.5957
0.3797
0.5957
0.3797
0.4767
0.3798
0.4047
0.3943
0.5979
0.3943
0.6650
0.257
0.5957
0.3143
0.5957
0.3143
0.5957
0.3797
0.5979
0.3943
0.5957
0.3143
0.4767
0.3144
0.4862
0.3234
0.4862
0.3234
0.5862
0.3234
0.5957
0.3143
0.4767
0.3144
0.4767
0.3798
0.4862
0.3708
0.4862
0.3708
0.4862
0.3234
0.4767
0.3144
0.4767
0.3798
0.5957
0.3797
0.5862
0.3707
0.5862
0.3707
0.4862
0.3708
0.4767
0.3798
0.5957
0.3797
0.5957
0.3143
0.5862
0.3234
0.5862
0.3234
0.5862
0.3707
0.5957
0.3797
0.6606
0.1768
0.6524
0.1203
0.5442
0.1437
0.5442
0.1437
0.5502
0.185
0.6606
0.1768
0.6424
0.0952
0.4912
0.0956
0.5386
0.1354
0.5386
0.1354
0.6469
0.1134
0.6424
0.0952
0.4798
0.1416
0.4891
0.2053
0.5411
0.1863
0.5411
0.1863
0.5351
0.1451
0.4798
0.1416
0.5098
0.2447
0.6565
0.2076
0.6564
0.1889
0.6564
0.1889
0.5460
0.1943
0.5098
0.2447
0.1353
0.2048
0.0295
0.2048
0.0349
0.2052
0.0349
0.2052
0.1330
0.2053
0.1353
0.2048
0.0295
0.2048
0.0579
0.2127
0.0591
0.2121
0.0591
0.2121
0.0349
0.2052
0.0295
0.2048
0.0579
0.2127
0.1352
0.2076
0.1329
0.2072
0.1329
0.2072
0.0591
0.2121
0.0579
0.2127
0.1352
0.2076
0.1353
0.2048
0.1330
0.2053
0.1330
0.2053
0.1329
0.2072
0.1352
0.2076
0.0295
0.2502
0.1353
0.2502
0.1330
0.2497
0.1330
0.2497
0.0349
0.2498
0.0295
0.2502
0.1353
0.2502
0.1352
0.2474
0.1329
0.2478
0.1329
0.2478
0.1330
0.2497
0.1353
0.2502
0.1352
0.2474
0.0579
0.2423
0.0591
0.2429
0.0591
0.2429
0.1329
0.2478
0.1352
0.2474
0.0579
0.2423
0.0295
0.2502
0.0349
0.2498
0.0349
0.2498
0.0591
0.2429
0.0579
0.2423
0.0295
0.2048
0.0295
0.2502
0.0307
0.248
0.0307
0.248
0.0307
0.207
0.0295
0.2048
0.0295
0.2502
0.0579
0.2423
0.0567
0.2407
0.0567
0.2407
0.0307
0.248
0.0295
0.2502
0.0579
0.2423
0.0579
0.2127
0.0567
0.2143
0.0567
0.2143
0.0567
0.2407
0.0579
0.2423
0.0579
0.2127
0.0295
0.2048
0.0307
0.207
0.0307
0.207
0.0567
0.2143
0.0579
0.2127
0.1352
0.2474
0.1352
0.2076
0.1335
0.2093
0.1335
0.2093
0.1335
0.2457
0.1352
0.2474
0.1352
0.2076
0.0579
0.2127
0.0596
0.2142
0.0596
0.2142
0.1335
0.2093
0.1352
0.2076
0.0579
0.2127
0.0579
0.2423
0.0596
0.2408
0.0596
0.2408
0.0596
0.2142
0.0579
0.2127
0.0579
0.2423
0.1352
0.2474
0.1335
0.2457
0.1335
0.2457
0.0596
0.2408
0.0579
0.2423
0.1335
0.2457
0.1335
0.2093
0.1336
0.2093
0.1336
0.2093
0.1336
0.2457
0.1335
0.2457
0.1335
0.2093
0.0596
0.2142
0.0597
0.2142
0.0597
0.2142
0.1336
0.2093
0.1335
0.2093
0.0596
0.2142
0.0596
0.2408
0.0597
0.2408
0.0597
0.2408
0.0597
0.2142
0.0596
0.2142
0.0596
0.2408
0.1335
0.2457
0.1336
0.2457
0.1336
0.2457
0.0597
0.2408
0.0596
0.2408
0.1330
0.2053
0.0349
0.2052
0.0351
0.2074
0.0351
0.2074
0.1331
0.2074
0.1330
0.2053
0.0349
0.2052
0.0591
0.2121
0.0593
0.2142
0.0593
0.2142
0.0351
0.2074
0.0349
0.2052
0.0591
0.2121
0.1329
0.2072
0.1331
0.2093
0.1331
0.2093
0.0593
0.2142
0.0591
0.2121
0.1329
0.2072
0.1330
0.2053
0.1331
0.2074
0.1331
0.2074
0.1331
0.2093
0.1329
0.2072
0.0307
0.207
0.0307
0.248
0.0326
0.248
0.0326
0.248
0.0326
0.207
0.0307
0.207
0.0307
0.248
0.0567
0.2407
0.0586
0.2407
0.0586
0.2407
0.0326
0.248
0.0307
0.248
0.0567
0.2407
0.0567
0.2143
0.0586
0.2143
0.0586
0.2143
0.0586
0.2407
0.0567
0.2407
0.0567
0.2143
0.0307
0.207
0.0326
0.207
0.0326
0.207
0.0586
0.2143
0.0567
0.2143
0.0349
0.2498
0.1330
0.2497
0.1331
0.2476
0.1331
0.2476
0.0351
0.2476
0.0349
0.2498
0.1330
0.2497
0.1329
0.2478
0.1331
0.2457
0.1331
0.2457
0.1331
0.2476
0.1330
0.2497
0.1329
0.2478
0.0591
0.2429
0.0593
0.2408
0.0593
0.2408
0.1331
0.2457
0.1329
0.2478
0.0591
0.2429
0.0349
0.2498
0.0351
0.2476
0.0351
0.2476
0.0593
0.2408
0.0591
0.2429
0.4426
0.9475
0.4480
0.9409
0.3211
0.9308
0.3211
0.9308
0.3121
0.9364
0.4426
0.9475
0.3211
0.9308
0.3103
0.8959
0.3010
0.8984
0.3010
0.8984
0.3121
0.9364
0.3211
0.9308
0.4476
0.9317
0.4480
0.9012
0.3236
0.8955
0.3236
0.8955
0.3320
0.9226
0.4476
0.9317
0.9439
0.9696
0.9439
0.917
0.9354
0.913
0.9354
0.913
0.9354
0.9612
0.9439
0.9696
0.9466
0.7863
0.7892
0.7862
0.7859
0.8141
0.7859
0.8141
0.9396
0.814
0.9466
0.7863
0.9721
0.7681
0.9628
0.7765
0.9509
0.8238
0.9509
0.8238
0.9598
0.8277
0.9721
0.7681
0.3103
0.8959
0.3103
0.8578
0.3010
0.8568
0.3010
0.8568
0.3010
0.8984
0.3103
0.8959
0.9343
0.8511
0.7932
0.8512
0.7919
0.913
0.7919
0.913
0.9220
0.9123
0.9343
0.8511
0.9439
0.917
0.9589
0.8363
0.9500
0.8403
0.9500
0.8403
0.9354
0.913
0.9439
0.917
0.7963
0.9696
0.7919
0.9612
0.6633
0.9576
0.6633
0.9576
0.6641
0.9657
0.7963
0.9696
0.7876
0.7765
0.7919
0.7681
0.6592
0.7958
0.6592
0.7958
0.6585
0.8019
0.7876
0.7765
0.7924
0.9511
0.7919
0.913
0.6633
0.9094
0.6633
0.9094
0.6634
0.9475
0.7924
0.9511
0.4507
0.8159
0.4480
0.8516
0.5979
0.8516
0.5979
0.8516
0.5984
0.8161
0.4507
0.8159
0.4480
0.8516
0.4480
0.9012
0.5785
0.8969
0.5785
0.8969
0.5979
0.8516
0.4480
0.8516
0.5961
0.9476
0.5919
0.9409
0.4480
0.9409
0.4480
0.9409
0.4426
0.9475
0.5961
0.9476
0.5979
0.8063
0.5968
0.8006
0.4426
0.8006
0.4426
0.8006
0.4480
0.8063
0.5979
0.8063
0.5784
0.9316
0.5785
0.8969
0.4480
0.9012
0.4480
0.9012
0.4476
0.9317
0.5784
0.9316
0.3232
0.8638
0.3236
0.8955
0.4480
0.9012
0.4480
0.9012
0.4480
0.8516
0.3232
0.8638
0.4480
0.8063
0.4426
0.8006
0.3010
0.8568
0.3010
0.8568
0.3103
0.8578
0.4480
0.8063
0.4507
0.8159
0.3232
0.8638
0.4480
0.8516
0.6603
0.8115
0.6514
0.8329
0.7859
0.8141
0.7859
0.8141
0.7892
0.7862
0.6603
0.8115
0.6698
0.8694
0.6633
0.9094
0.7919
0.913
0.7919
0.913
0.7932
0.8512
0.6698
0.8694
0.9439
0.9696
0.9354
0.9612
0.7919
0.9612
0.7919
0.9612
0.7963
0.9696
0.9439
0.9696
0.9628
0.7765
0.9721
0.7681
0.7919
0.7681
0.7919
0.7681
0.7876
0.7765
0.9628
0.7765
0.9221
0.9511
0.9220
0.9123
0.7919
0.913
0.7919
0.913
0.7924
0.9511
0.9221
0.9511
0.6049
0.9615
0.6641
0.9657
0.6633
0.9576
0.6633
0.9576
0.6083
0.9565
0.6049
0.9615
0.5979
0.8063
0.6585
0.8019
0.6592
0.7958
0.6592
0.7958
0.5968
0.8006
0.5979
0.8063
0.6217
0.9467
0.6634
0.9475
0.6633
0.9094
0.6633
0.9094
0.6215
0.9129
0.6217
0.9467
0.6603
0.8115
0.5984
0.8161
0.5979
0.8516
0.5979
0.8516
0.6514
0.8329
0.6603
0.8115
0.6633
0.9094
0.6698
0.8694
0.6215
0.9129
0.5785
0.8969
0.6514
0.8329
0.5979
0.8516
0.7919
0.8404
0.9500
0.8403
0.9589
0.8363
0.9589
0.8363
0.7904
0.8364
0.7919
0.8404
0.5919
0.9012
0.5919
0.9409
0.5961
0.9476
0.5961
0.9476
0.5961
0.904
0.5919
0.9012
0.6629
0.8594
0.7919
0.8404
0.7904
0.8364
0.7904
0.8364
0.6614
0.8554
0.6629
0.8594
0.6083
0.9087
0.6629
0.8594
0.6614
0.8554
0.6614
0.8554
0.6053
0.9048
0.6083
0.9087
0.9509
0.8238
0.7876
0.8238
0.7904
0.8272
0.7904
0.8272
0.9598
0.8277
0.9509
0.8238
0.6083
0.9565
0.6083
0.9087
0.6053
0.9048
0.6053
0.9048
0.6049
0.9615
0.6083
0.9565
0.7876
0.8238
0.6585
0.8428
0.6614
0.8462
0.6614
0.8462
0.7904
0.8272
0.7876
0.8238
0.6585
0.8428
0.5919
0.9012
0.5961
0.904
0.5961
0.904
0.6614
0.8462
0.6585
0.8428
0.3103
0.8959
0.3211
0.9308
0.3320
0.9226
0.3320
0.9226
0.3236
0.8955
0.3103
0.8959
0.3211
0.9308
0.4480
0.9409
0.4476
0.9317
0.4476
0.9317
0.3320
0.9226
0.3211
0.9308
0.4480
0.9409
0.5919
0.9409
0.5784
0.9316
0.5784
0.9316
0.4476
0.9317
0.4480
0.9409
0.5919
0.9409
0.5919
0.9012
0.5785
0.8969
0.5785
0.8969
0.5784
0.9316
0.5919
0.9409
0.5919
0.9012
0.6585
0.8428
0.6514
0.8329
0.6514
0.8329
0.5785
0.8969
0.5919
0.9012
0.6585
0.8428
0.7876
0.8238
0.7859
0.8141
0.7859
0.8141
0.6514
0.8329
0.6585
0.8428
0.7876
0.8238
0.9509
0.8238
0.9396
0.814
0.9396
0.814
0.7859
0.8141
0.7876
0.8238
0.9509
0.8238
0.9628
0.7765
0.9466
0.7863
0.9466
0.7863
0.9396
0.814
0.9509
0.8238
0.9628
0.7765
0.7876
0.7765
0.7892
0.7862
0.7892
0.7862
0.9466
0.7863
0.9628
0.7765
0.7876
0.7765
0.6585
0.8019
0.6603
0.8115
0.6603
0.8115
0.7892
0.7862
0.7876
0.7765
0.6585
0.8019
0.5979
0.8063
0.5984
0.8161
0.5984
0.8161
0.6603
0.8115
0.6585
0.8019
0.5979
0.8063
0.4480
0.8063
0.4507
0.8159
0.4507
0.8159
0.5984
0.8161
0.5979
0.8063
0.4480
0.8063
0.3103
0.8578
0.3232
0.8638
0.3232
0.8638
0.4507
0.8159
0.4480
0.8063
0.3103
0.8578
0.3103
0.8959
0.3236
0.8955
0.3236
0.8955
0.3232
0.8638
0.3103
0.8578
0.7919
0.9612
0.9354
0.9612
0.9221
0.9511
0.9221
0.9511
0.7924
0.9511
0.7919
0.9612
0.9354
0.9612
0.9354
0.913
0.9220
0.9123
0.9220
0.9123
0.9221
0.9511
0.9354
0.9612
0.9354
0.913
0.9500
0.8403
0.9343
0.8511
0.9343
0.8511
0.9220
0.9123
0.9354
0.913
0.9500
0.8403
0.7919
0.8404
0.7932
0.8512
0.7932
0.8512
0.9343
0.8511
0.9500
0.8403
0.7919
0.8404
0.6629
0.8594
0.6698
0.8694
0.6698
0.8694
0.7932
0.8512
0.7919
0.8404
0.6629
0.8594
0.6083
0.9087
0.6215
0.9129
0.6215
0.9129
0.6698
0.8694
0.6629
0.8594
0.6083
0.9087
0.6083
0.9565
0.6217
0.9467
0.6217
0.9467
0.6215
0.9129
0.6083
0.9087
0.6083
0.9565
0.6633
0.9576
0.6634
0.9475
0.6634
0.9475
0.6217
0.9467
0.6083
0.9565
0.6633
0.9576
0.7919
0.9612
0.7924
0.9511
0.7924
0.9511
0.6634
0.9475
0.6633
0.9576
0.7904
0.8272
0.6614
0.8462
0.6614
0.8554
0.6614
0.8554
0.7904
0.8364
0.7904
0.8272
0.9598
0.8277
0.7904
0.8272
0.7904
0.8364
0.7904
0.8364
0.9589
0.8363
0.9598
0.8277
0.5961
0.904
0.5961
0.9476
0.6049
0.9615
0.6049
0.9615
0.6053
0.9048
0.5961
0.904
0.6614
0.8462
0.5961
0.904
0.6053
0.9048
0.6053
0.9048
0.6614
0.8554
0.6614
0.8462
0.4426
0.9475
0.3121
0.9364
0.3012
0.9424
0.3012
0.9424
0.4364
0.9545
0.4426
0.9475
0.7919
0.7681
0.9721
0.7681
0.9847
0.7569
0.9847
0.7569
0.7980
0.7569
0.7919
0.7681
0.9439
0.917
0.9439
0.9696
0.9555
0.9789
0.9555
0.9789
0.9555
0.921
0.9439
0.917
0.3121
0.9364
0.3010
0.8984
0.2898
0.9005
0.2898
0.9005
0.3012
0.9424
0.3121
0.9364
0.9721
0.7681
0.9598
0.8277
0.9719
0.8138
0.9719
0.8138
0.9847
0.7569
0.9721
0.7681
0.3010
0.8984
0.3010
0.8568
0.2898
0.8546
0.2898
0.8546
0.2898
0.9005
0.3010
0.8984
0.9589
0.8363
0.9439
0.917
0.9555
0.921
0.9555
0.921
0.9710
0.8337
0.9589
0.8363
0.7963
0.9696
0.6641
0.9657
0.6657
0.9746
0.6657
0.9746
0.8026
0.9789
0.7963
0.9696
0.4426
0.8006
0.5968
0.8006
0.5961
0.7928
0.5961
0.7928
0.4364
0.7928
0.4426
0.8006
0.5961
0.9476
0.4426
0.9475
0.4364
0.9545
0.4364
0.9545
0.5897
0.9545
0.5961
0.9476
0.3010
0.8568
0.4426
0.8006
0.4364
0.7928
0.4364
0.7928
0.2898
0.8546
0.3010
0.8568
0.6592
0.7958
0.7919
0.7681
0.7980
0.7569
0.7980
0.7569
0.6606
0.7875
0.6592
0.7958
0.9439
0.9696
0.7963
0.9696
0.8026
0.9789
0.8026
0.9789
0.9555
0.9789
0.9439
0.9696
0.6641
0.9657
0.6049
0.9615
0.6071
0.9732
0.6071
0.9732
0.6657
0.9746
0.6641
0.9657
0.5968
0.8006
0.6592
0.7958
0.6606
0.7875
0.6606
0.7875
0.5961
0.7928
0.5968
0.8006
0.9598
0.8277
0.9589
0.8363
0.9710
0.8337
0.9710
0.8337
0.9719
0.8138
0.9598
0.8277
0.6049
0.9615
0.5961
0.9476
0.5897
0.9545
0.5897
0.9545
0.6071
0.9732
0.6049
0.9615
0.4003
0.7768
0.2722
0.7768
0.2809
0.7423
0.2809
0.7423
0.4003
0.74
0.4003
0.7768
0.6484
0.755
0.5389
0.755
0.5389
0.7273
0.5389
0.7273
0.6484
0.7273
0.6484
0.755
0.7491
0.7174
0.6484
0.755
0.6484
0.7273
0.6484
0.7273
0.7491
0.6896
0.7491
0.7174
0.4946
0.7583
0.4003
0.7768
0.4003
0.74
0.4003
0.74
0.4946
0.7305
0.4946
0.7583
0.5389
0.755
0.4946
0.7583
0.4946
0.7305
0.4946
0.7305
0.5389
0.7273
0.5389
0.755
0.4003
0.74
0.2809
0.7423
0.2847
0.7356
0.6484
0.7273
0.5389
0.7273
0.5411
0.6846
0.5411
0.6846
0.6484
0.6854
0.6484
0.7273
0.6484
0.7273
0.6484
0.6854
0.7491
0.6896
0.9290
0.7138
0.8690
0.7138
0.8612
0.7233
0.8612
0.7233
0.9392
0.7233
0.9290
0.7138
0.2954
0.6473
0.4003
0.6473
0.4003
0.6816
0.4003
0.6816
0.2954
0.6825
0.2954
0.6473
0.5433
0.6567
0.6484
0.6567
0.6484
0.6854
0.6484
0.6854
0.5411
0.6846
0.5433
0.6567
0.6484
0.6567
0.7412
0.6641
0.7491
0.6896
0.7491
0.6896
0.6484
0.6854
0.6484
0.6567
0.4003
0.6473
0.4942
0.6499
0.4944
0.6836
0.4944
0.6836
0.4003
0.6816
0.4003
0.6473
0.4944
0.6836
0.4942
0.6499
0.5345
0.6507
0.5345
0.6507
0.5411
0.6846
0.4944
0.6836
0.5345
0.6507
0.5433
0.6567
0.5411
0.6846
0.1260
0.9286
0.1471
0.9586
0.1471
0.8512
0.1471
0.8512
0.1260
0.852
0.1260
0.9286
0.4946
0.7305
0.4003
0.74
0.3997
0.7282
0.3997
0.7282
0.4931
0.7189
0.4946
0.7305
0.4003
0.74
0.2847
0.7356
0.3063
0.7245
0.3063
0.7245
0.3997
0.7282
0.4003
0.74
0.2847
0.7356
0.2954
0.6825
0.3123
0.6941
0.3123
0.6941
0.3063
0.7245
0.2847
0.7356
0.2954
0.6825
0.4003
0.6816
0.4002
0.6933
0.4002
0.6933
0.3123
0.6941
0.2954
0.6825
0.4003
0.6816
0.4944
0.6836
0.4940
0.6953
0.4940
0.6953
0.4002
0.6933
0.4003
0.6816
0.4944
0.6836
0.5411
0.6846
0.5259
0.6959
0.5259
0.6959
0.4940
0.6953
0.4944
0.6836
0.5411
0.6846
0.5389
0.7273
0.5248
0.7166
0.5248
0.7166
0.5259
0.6959
0.5411
0.6846
0.5389
0.7273
0.4946
0.7305
0.4931
0.7189
0.4931
0.7189
0.5248
0.7166
0.5389
0.7273
0.0333
0.6634
0.0328
0.7962
0.0625
0.8388
0.0625
0.8388
0.0625
0.7338
0.0333
0.6634
0.0328
0.7962
0.0360
0.929
0.0625
0.9286
0.0625
0.9286
0.0625
0.8388
0.0328
0.7962
0.0360
0.929
0.0313
0.959
0.0625
0.9586
0.0625
0.9586
0.0625
0.9286
0.0360
0.929
0.0343
0.9277
0.0348
0.8008
0.0641
0.844
0.0641
0.844
0.0641
0.9273
0.0343
0.9277
0.0348
0.8008
0.0331
0.6652
0.0641
0.7368
0.0641
0.7368
0.0641
0.844
0.0348
0.8008
0.0331
0.6652
0.0346
0.6191
0.0641
0.6187
0.0641
0.6187
0.0641
0.7368
0.0331
0.6652
0.0316
0.5919
0.0338
0.6181
0.0625
0.6177
0.0625
0.6177
0.0625
0.5915
0.0316
0.5919
0.0338
0.6181
0.0333
0.6634
0.0625
0.7338
0.0625
0.7338
0.0625
0.6177
0.0338
0.6181
0.0625
0.8388
0.0723
0.8419
0.0934
0.7951
0.0934
0.7951
0.0625
0.7338
0.0625
0.8388
0.0625
0.9286
0.0722
0.9286
0.0723
0.8419
0.0723
0.8419
0.0625
0.8388
0.0625
0.9286
0.0625
0.9586
0.0722
0.9586
0.0722
0.9286
0.0722
0.9286
0.0625
0.9286
0.0625
0.9586
0.0641
0.9273
0.0641
0.844
0.0735
0.8472
0.0735
0.8472
0.0734
0.9273
0.0641
0.9273
0.0641
0.844
0.0641
0.7368
0.0935
0.7991
0.0935
0.7991
0.0735
0.8472
0.0641
0.844
0.0641
0.7368
0.0641
0.6187
0.0935
0.6526
0.0935
0.6526
0.0935
0.7991
0.0641
0.7368
0.0801
0.62
0.0778
0.6223
0.0860
0.6314
0.0860
0.6314
0.0885
0.6287
0.0801
0.62
0.0625
0.6177
0.0625
0.7338
0.0934
0.7951
0.0934
0.7951
0.0934
0.6511
0.0625
0.6177
0.0934
0.7951
0.1260
0.852
0.1471
0.8512
0.1471
0.8512
0.1203
0.7938
0.0934
0.7951
0.0934
0.7951
0.1058
0.8489
0.1260
0.852
0.1059
0.9286
0.1260
0.9286
0.1260
0.852
0.1260
0.852
0.1058
0.8489
0.1059
0.9286
0.1471
0.9586
0.1260
0.9286
0.1059
0.9286
0.1059
0.9286
0.1059
0.9586
0.1471
0.9586
0.1247
0.8574
0.1247
0.9273
0.1055
0.9273
0.1055
0.9273
0.1054
0.8543
0.1247
0.8574
0.0935
0.7991
0.1247
0.8574
0.1054
0.8543
0.1789
0.8608
0.1789
0.8646
0.1856
0.8404
0.2676
0.86
0.2626
0.8393
0.2676
0.8638
0.1789
0.9561
0.1789
0.9561
0.1789
0.8646
0.1789
0.8646
0.1789
0.8608
0.1789
0.9561
0.1531
0.7736
0.1691
0.7736
0.1714
0.7706
0.1531
0.7736
0.1714
0.7706
0.1714
0.7337
0.1531
0.7736
0.1714
0.7337
0.1508
0.7337
0.1508
0.7706
0.1531
0.7736
0.1508
0.7337
0.2676
0.86
0.2676
0.8638
0.2675
0.9471
0.2675
0.9471
0.2675
0.9471
0.2676
0.86
0.2028
0.8557
0.2028
0.9465
0.1827
0.9579
0.1827
0.9579
0.1823
0.859
0.2028
0.8557
0.2028
0.9465
0.2118
0.9596
0.1827
0.9579
0.2436
0.9375
0.2436
0.8549
0.2638
0.8582
0.2638
0.8582
0.2633
0.9501
0.2436
0.9375
0.2436
0.8549
0.2436
0.8053
0.2638
0.8582
0.2436
0.8053
0.2436
0.8622
0.2637
0.8641
0.2436
0.8622
0.2436
0.9375
0.2633
0.9501
0.2633
0.9501
0.2637
0.8641
0.2436
0.8622
0.2436
0.9375
0.2340
0.9575
0.2633
0.9501
0.2028
0.9465
0.2028
0.863
0.1824
0.8649
0.1824
0.8649
0.1827
0.9579
0.2028
0.9465
0.2028
0.863
0.2028
0.8067
0.1824
0.8649
0.2028
0.8067
0.2028
0.8557
0.1823
0.859
0.1789
0.8608
0.1823
0.859
0.1827
0.9579
0.1827
0.9579
0.1789
0.9561
0.1789
0.8608
0.2675
0.9471
0.2633
0.9501
0.2638
0.8582
0.2638
0.8582
0.2676
0.86
0.2675
0.9471
0.2676
0.86
0.2638
0.8582
0.2436
0.8053
0.2436
0.8053
0.2626
0.8393
0.2676
0.86
0.2626
0.8393
0.2436
0.8053
0.2637
0.8641
0.2637
0.8641
0.2676
0.8638
0.2626
0.8393
0.2676
0.8638
0.2637
0.8641
0.2633
0.9501
0.2633
0.9501
0.2675
0.9471
0.2676
0.8638
0.1789
0.9561
0.1827
0.9579
0.1824
0.8649
0.1824
0.8649
0.1789
0.8646
0.1789
0.9561
0.1789
0.8646
0.1824
0.8649
0.2028
0.8067
0.2028
0.8067
0.1856
0.8404
0.1789
0.8646
0.1856
0.8404
0.2028
0.8067
0.1823
0.859
0.1823
0.859
0.1789
0.8608
0.1856
0.8404
0.1714
0.6675
0.1692
0.6648
0.1530
0.6648
0.1714
0.6675
0.1530
0.6648
0.1508
0.6675
0.1714
0.6675
0.1508
0.6675
0.1508
0.7037
0.1714
0.7037
0.1714
0.6675
0.1508
0.7037
0.1714
0.7337
0.1714
0.7037
0.1508
0.7037
0.1508
0.7037
0.1508
0.7337
0.1714
0.7337
0.2028
0.9465
0.1827
0.9579
0.2118
0.9596
0.2436
0.9375
0.2633
0.9501
0.2340
0.9575
0.2436
0.9375
0.2028
0.9465
0.2118
0.9596
0.2118
0.9596
0.2340
0.9575
0.2436
0.9375
0.2028
0.9465
0.2436
0.9375
0.2340
0.9575
0.2340
0.9575
0.2118
0.9596
0.2028
0.9465
0.1728
0.6561
0.1494
0.6561
0.1505
0.6618
0.1505
0.6618
0.1717
0.6618
0.1728
0.6561
0.1494
0.6561
0.1440
0.6615
0.1476
0.6646
0.1476
0.6646
0.1505
0.6618
0.1494
0.6561
0.1440
0.6615
0.1440
0.7029
0.1476
0.7029
0.1476
0.7029
0.1476
0.6646
0.1440
0.6615
0.1440
0.7029
0.1440
0.7344
0.1476
0.7344
0.1476
0.7344
0.1476
0.7029
0.1440
0.7029
0.1440
0.7344
0.1440
0.7761
0.1476
0.7734
0.1476
0.7734
0.1476
0.7344
0.1440
0.7344
0.1440
0.7761
0.1494
0.782
0.1506
0.7765
0.1506
0.7765
0.1476
0.7734
0.1440
0.7761
0.1494
0.782
0.1728
0.782
0.1716
0.7765
0.1716
0.7765
0.1506
0.7765
0.1494
0.782
0.1728
0.782
0.1782
0.7761
0.1746
0.7734
0.1746
0.7734
0.1716
0.7765
0.1728
0.782
0.1782
0.7761
0.1782
0.7344
0.1746
0.7344
0.1746
0.7344
0.1746
0.7734
0.1782
0.7761
0.1782
0.7344
0.1782
0.7029
0.1746
0.7029
0.1746
0.7029
0.1746
0.7344
0.1782
0.7344
0.1782
0.7029
0.1782
0.6615
0.1746
0.6646
0.1746
0.6646
0.1746
0.7029
0.1782
0.7029
0.1782
0.6615
0.1728
0.6561
0.1717
0.6618
0.1717
0.6618
0.1746
0.6646
0.1782
0.6615
0.1717
0.6618
0.1505
0.6618
0.1530
0.6648
0.1530
0.6648
0.1692
0.6648
0.1717
0.6618
0.1505
0.6618
0.1476
0.6646
0.1508
0.6675
0.1508
0.6675
0.1530
0.6648
0.1505
0.6618
0.1476
0.6646
0.1476
0.7029
0.1508
0.7037
0.1508
0.7037
0.1508
0.6675
0.1476
0.6646
0.1476
0.7029
0.1476
0.7344
0.1508
0.7337
0.1508
0.7337
0.1508
0.7037
0.1476
0.7029
0.1476
0.7344
0.1476
0.7734
0.1508
0.7706
0.1508
0.7706
0.1508
0.7337
0.1476
0.7344
0.1476
0.7734
0.1506
0.7765
0.1531
0.7736
0.1531
0.7736
0.1508
0.7706
0.1476
0.7734
0.1506
0.7765
0.1716
0.7765
0.1691
0.7736
0.1691
0.7736
0.1531
0.7736
0.1506
0.7765
0.1716
0.7765
0.1746
0.7734
0.1714
0.7706
0.1714
0.7706
0.1691
0.7736
0.1716
0.7765
0.1746
0.7734
0.1746
0.7344
0.1714
0.7337
0.1714
0.7337
0.1714
0.7706
0.1746
0.7734
0.1746
0.7344
0.1746
0.7029
0.1714
0.7037
0.1714
0.7037
0.1714
0.7337
0.1746
0.7344
0.1746
0.7029
0.1746
0.6646
0.1714
0.6675
0.1714
0.6675
0.1714
0.7037
0.1746
0.7029
0.1746
0.6646
0.1717
0.6618
0.1692
0.6648
0.1692
0.6648
0.1714
0.6675
0.1746
0.6646
0.0934
0.7951
0.1203
0.7938
0.1123
0.7807
0.1123
0.7807
0.1032
0.7813
0.0934
0.7951
0.1203
0.7938
0.1203
0.6496
0.1123
0.6636
0.1123
0.6636
0.1123
0.7807
0.1203
0.7938
0.1203
0.6496
0.0934
0.6511
0.1032
0.664
0.1032
0.664
0.1123
0.6636
0.1203
0.6496
0.0934
0.6511
0.0934
0.7951
0.1032
0.7813
0.1032
0.7813
0.1032
0.664
0.0934
0.6511
0.8090
0.5551
0.7988
0.5551
0.7988
0.5856
0.7988
0.5856
0.8090
0.5856
0.8090
0.5551
0.8105
0.5559
0.9537
0.5559
0.9537
0.5859
0.9537
0.5859
0.8105
0.5859
0.8105
0.5559
0.9654
0.5551
0.9547
0.5551
0.9547
0.5856
0.9547
0.5856
0.9654
0.589
0.9654
0.5551
0.9547
0.5551
0.8090
0.5551
0.8090
0.5856
0.8090
0.5856
0.9547
0.5856
0.9547
0.5551
0.8090
0.5856
0.7988
0.5856
0.8134
0.6127
0.8134
0.6127
0.8238
0.6127
0.8090
0.5856
0.8105
0.5859
0.9537
0.5859
0.9273
0.6126
0.9273
0.6126
0.8249
0.6126
0.8105
0.5859
0.9654
0.589
0.9547
0.5856
0.9281
0.6127
0.9281
0.6127
0.9386
0.6161
0.9654
0.589
0.9547
0.5856
0.8090
0.5856
0.8238
0.6127
0.8238
0.6127
0.9281
0.6127
0.9547
0.5856
0.8238
0.6127
0.8134
0.6127
0.8612
0.7233
0.8612
0.7233
0.8690
0.7138
0.8238
0.6127
0.8249
0.6126
0.9273
0.6126
0.9278
0.7119
0.9278
0.7119
0.8689
0.7119
0.8249
0.6126
0.9386
0.6161
0.9281
0.6127
0.9290
0.7138
0.9290
0.7138
0.9392
0.7233
0.9386
0.6161
0.9281
0.6127
0.8238
0.6127
0.8690
0.7138
0.8690
0.7138
0.9290
0.7138
0.9281
0.6127
0.0625
0.5915
0.0625
0.6177
0.0721
0.6205
0.0721
0.6205
0.0784
0.614
0.0625
0.5915
0.0625
0.6177
0.0934
0.6511
0.0876
0.6372
0.0876
0.6372
0.0721
0.6205
0.0625
0.6177
0.0934
0.6511
0.1203
0.6496
0.0939
0.6308
0.0939
0.6308
0.0876
0.6372
0.0934
0.6511
0.1203
0.6496
0.0625
0.5915
0.0784
0.614
0.0784
0.614
0.0939
0.6308
0.1203
0.6496
0.0784
0.614
0.0721
0.6205
0.0778
0.6223
0.0778
0.6223
0.0801
0.62
0.0784
0.614
0.0721
0.6205
0.0876
0.6372
0.0860
0.6314
0.0860
0.6314
0.0778
0.6223
0.0721
0.6205
0.0876
0.6372
0.0939
0.6308
0.0885
0.6287
0.0885
0.6287
0.0860
0.6314
0.0876
0.6372
0.0939
0.6308
0.0784
0.614
0.0801
0.62
0.0801
0.62
0.0885
0.6287
0.0939
0.6308
0.0557
0.2745
0.0572
0.2745
0.0572
0.3537
0.0572
0.3537
0.0557
0.3537
0.0557
0.2745
0.0572
0.2745
0.0612
0.2745
0.0612
0.3537
0.0612
0.3537
0.0572
0.3537
0.0572
0.2745
0.0612
0.2745
0.0668
0.2745
0.0668
0.3537
0.0668
0.3537
0.0612
0.3537
0.0612
0.2745
0.0668
0.2745
0.0723
0.2745
0.0723
0.3537
0.0723
0.3537
0.0668
0.3537
0.0668
0.2745
0.0723
0.2745
0.0763
0.2745
0.0763
0.3537
0.0763
0.3537
0.0723
0.3537
0.0723
0.2745
0.0763
0.2745
0.0778
0.2745
0.0778
0.3537
0.0778
0.3537
0.0763
0.3537
0.0763
0.2745
0.0778
0.2745
0.0763
0.2745
0.0763
0.3537
0.0763
0.3537
0.0778
0.3537
0.0778
0.2745
0.0763
0.2745
0.0723
0.2745
0.0723
0.3537
0.0723
0.3537
0.0763
0.3537
0.0763
0.2745
0.0723
0.2745
0.0668
0.2745
0.0668
0.3537
0.0668
0.3537
0.0723
0.3537
0.0723
0.2745
0.0668
0.2745
0.0612
0.2745
0.0612
0.3537
0.0612
0.3537
0.0668
0.3537
0.0668
0.2745
0.0612
0.2745
0.0572
0.2745
0.0572
0.3537
0.0572
0.3537
0.0612
0.3537
0.0612
0.2745
0.0572
0.2745
0.0557
0.2745
0.0557
0.3537
0.0557
0.3537
0.0572
0.3537
0.0572
0.2745
0.0557
0.3537
0.0572
0.3537
0.0527
0.3769
0.0527
0.3769
0.0505
0.3769
0.0557
0.3537
0.0572
0.3537
0.0612
0.3537
0.0586
0.3769
0.0586
0.3769
0.0527
0.3769
0.0572
0.3537
0.0612
0.3537
0.0668
0.3537
0.0668
0.3769
0.0668
0.3769
0.0586
0.3769
0.0612
0.3537
0.0668
0.3537
0.0723
0.3537
0.0749
0.3769
0.0749
0.3769
0.0668
0.3769
0.0668
0.3537
0.0723
0.3537
0.0763
0.3537
0.0809
0.3769
0.0809
0.3769
0.0749
0.3769
0.0723
0.3537
0.0763
0.3537
0.0778
0.3537
0.0831
0.3769
0.0831
0.3769
0.0809
0.3769
0.0763
0.3537
0.0778
0.3537
0.0763
0.3537
0.0809
0.3769
0.0809
0.3769
0.0831
0.3769
0.0778
0.3537
0.0763
0.3537
0.0723
0.3537
0.0749
0.3769
0.0749
0.3769
0.0809
0.3769
0.0763
0.3537
0.0723
0.3537
0.0668
0.3537
0.0668
0.3769
0.0668
0.3769
0.0749
0.3769
0.0723
0.3537
0.0668
0.3537
0.0612
0.3537
0.0586
0.3769
0.0586
0.3769
0.0668
0.3769
0.0668
0.3537
0.0612
0.3537
0.0572
0.3537
0.0527
0.3769
0.0527
0.3769
0.0586
0.3769
0.0612
0.3537
0.0572
0.3537
0.0557
0.3537
0.0505
0.3769
0.0505
0.3769
0.0527
0.3769
0.0572
0.3537
0.0612
0.2745
0.0668
0.2745
0.0723
0.2745
0.0723
0.2745
0.0763
0.2745
0.0778
0.2745
0.0778
0.2745
0.0763
0.2745
0.0723
0.2745
0.0723
0.2745
0.0778
0.2745
0.0723
0.2745
0.0723
0.2745
0.0668
0.2745
0.0612
0.2745
0.0612
0.2745
0.0572
0.2745
0.0557
0.2745
0.0723
0.2745
0.0612
0.2745
0.0557
0.2745
0.0723
0.2745
0.0723
0.2745
0.0557
0.2745
0.0612
0.2745
0.0723
0.2745
0.0557
0.2745
0.0572
0.2745
0.0612
0.2745
0.0557
0.2745
0.0463
0.3796
0.0488
0.3796
0.0488
0.3882
0.0488
0.3882
0.0463
0.3882
0.0463
0.3796
0.0488
0.3796
0.0565
0.3796
0.0565
0.3882
0.0565
0.3882
0.0488
0.3882
0.0488
0.3796
0.0565
0.3796
0.0668
0.3796
0.0668
0.3882
0.0668
0.3882
0.0565
0.3882
0.0565
0.3796
0.0668
0.3796
0.0775
0.3796
0.0775
0.3882
0.0775
0.3882
0.0668
0.3882
0.0668
0.3796
0.0775
0.3796
0.0850
0.3796
0.0850
0.3882
0.0850
0.3882
0.0775
0.3882
0.0775
0.3796
0.0850
0.3796
0.0873
0.3796
0.0873
0.3882
0.0873
0.3882
0.0850
0.3882
0.0850
0.3796
0.0873
0.3796
0.0850
0.3796
0.0850
0.3882
0.0850
0.3882
0.0873
0.3882
0.0873
0.3796
0.0850
0.3796
0.0775
0.3796
0.0775
0.3882
0.0775
0.3882
0.0850
0.3882
0.0850
0.3796
0.0775
0.3796
0.0668
0.3796
0.0668
0.3882
0.0668
0.3882
0.0775
0.3882
0.0775
0.3796
0.0668
0.3796
0.0565
0.3796
0.0565
0.3882
0.0565
0.3882
0.0668
0.3882
0.0668
0.3796
0.0565
0.3796
0.0488
0.3796
0.0488
0.3882
0.0488
0.3882
0.0565
0.3882
0.0565
0.3796
0.0488
0.3796
0.0463
0.3796
0.0463
0.3882
0.0463
0.3882
0.0488
0.3882
0.0488
0.3796
0.0477
0.3796
0.0503
0.3796
0.0488
0.3796
0.0488
0.3796
0.0463
0.3796
0.0477
0.3796
0.0503
0.3796
0.0572
0.3796
0.0565
0.3796
0.0565
0.3796
0.0488
0.3796
0.0503
0.3796
0.0572
0.3796
0.0668
0.3796
0.0668
0.3796
0.0668
0.3796
0.0565
0.3796
0.0572
0.3796
0.0668
0.3796
0.0763
0.3796
0.0775
0.3796
0.0775
0.3796
0.0668
0.3796
0.0668
0.3796
0.0763
0.3796
0.0833
0.3796
0.0850
0.3796
0.0850
0.3796
0.0775
0.3796
0.0763
0.3796
0.0833
0.3796
0.0859
0.3796
0.0873
0.3796
0.0873
0.3796
0.0850
0.3796
0.0833
0.3796
0.0859
0.3796
0.0833
0.3796
0.0850
0.3796
0.0850
0.3796
0.0873
0.3796
0.0859
0.3796
0.0833
0.3796
0.0763
0.3796
0.0775
0.3796
0.0775
0.3796
0.0850
0.3796
0.0833
0.3796
0.0763
0.3796
0.0668
0.3796
0.0668
0.3796
0.0668
0.3796
0.0775
0.3796
0.0763
0.3796
0.0668
0.3796
0.0572
0.3796
0.0565
0.3796
0.0565
0.3796
0.0668
0.3796
0.0668
0.3796
0.0572
0.3796
0.0503
0.3796
0.0488
0.3796
0.0488
0.3796
0.0565
0.3796
0.0572
0.3796
0.0503
0.3796
0.0477
0.3796
0.0463
0.3796
0.0463
0.3796
0.0488
0.3796
0.0503
0.3796
0.0847
0.5415
0.0870
0.5415
0.0870
0.5491
0.0870
0.5491
0.0847
0.5491
0.0847
0.5415
0.0870
0.5415
0.0847
0.5415
0.0847
0.5491
0.0847
0.5491
0.0870
0.5491
0.0870
0.5415
0.0847
0.5415
0.0774
0.5415
0.0774
0.5491
0.0774
0.5491
0.0847
0.5491
0.0847
0.5415
0.0774
0.5415
0.0668
0.5415
0.0668
0.5491
0.0668
0.5491
0.0774
0.5491
0.0774
0.5415
0.0668
0.5415
0.0567
0.5415
0.0567
0.5491
0.0567
0.5491
0.0668
0.5491
0.0668
0.5415
0.0567
0.5415
0.0490
0.5415
0.0490
0.5491
0.0490
0.5491
0.0567
0.5491
0.0567
0.5415
0.0490
0.5415
0.0465
0.5415
0.0465
0.5491
0.0465
0.5491
0.0490
0.5491
0.0490
0.5415
0.0465
0.5415
0.0490
0.5415
0.0490
0.5491
0.0490
0.5491
0.0465
0.5491
0.0465
0.5415
0.0490
0.5415
0.0567
0.5415
0.0567
0.5491
0.0567
0.5491
0.0490
0.5491
0.0490
0.5415
0.0567
0.5415
0.0668
0.5415
0.0668
0.5491
0.0668
0.5491
0.0567
0.5491
0.0567
0.5415
0.0668
0.5415
0.0774
0.5415
0.0774
0.5491
0.0774
0.5491
0.0668
0.5491
0.0668
0.5415
0.0774
0.5415
0.0847
0.5415
0.0847
0.5491
0.0847
0.5491
0.0774
0.5491
0.0774
0.5415
0.0850
0.3882
0.0873
0.3882
0.0825
0.3882
0.0825
0.3882
0.0807
0.3882
0.0850
0.3882
0.0775
0.3882
0.0850
0.3882
0.0807
0.3882
0.0807
0.3882
0.0750
0.3882
0.0775
0.3882
0.0668
0.3882
0.0775
0.3882
0.0750
0.3882
0.0750
0.3882
0.0668
0.3882
0.0668
0.3882
0.0565
0.3882
0.0668
0.3882
0.0668
0.3882
0.0668
0.3882
0.0590
0.3882
0.0565
0.3882
0.0488
0.3882
0.0565
0.3882
0.0590
0.3882
0.0590
0.3882
0.0531
0.3882
0.0488
0.3882
0.0463
0.3882
0.0488
0.3882
0.0531
0.3882
0.0531
0.3882
0.0511
0.3882
0.0463
0.3882
0.0488
0.3882
0.0463
0.3882
0.0511
0.3882
0.0511
0.3882
0.0531
0.3882
0.0488
0.3882
0.0565
0.3882
0.0488
0.3882
0.0531
0.3882
0.0531
0.3882
0.0590
0.3882
0.0565
0.3882
0.0668
0.3882
0.0565
0.3882
0.0590
0.3882
0.0590
0.3882
0.0668
0.3882
0.0668
0.3882
0.0775
0.3882
0.0668
0.3882
0.0668
0.3882
0.0668
0.3882
0.0750
0.3882
0.0775
0.3882
0.0850
0.3882
0.0775
0.3882
0.0750
0.3882
0.0750
0.3882
0.0807
0.3882
0.0850
0.3882
0.0873
0.3882
0.0850
0.3882
0.0807
0.3882
0.0807
0.3882
0.0825
0.3882
0.0873
0.3882
0.0870
0.5415
0.0847
0.5415
0.0805
0.5415
0.0805
0.5415
0.0822
0.5415
0.0870
0.5415
0.0847
0.5415
0.0870
0.5415
0.0822
0.5415
0.0822
0.5415
0.0805
0.5415
0.0847
0.5415
0.0774
0.5415
0.0847
0.5415
0.0805
0.5415
0.0805
0.5415
0.0749
0.5415
0.0774
0.5415
0.0668
0.5415
0.0774
0.5415
0.0749
0.5415
0.0749
0.5415
0.0668
0.5415
0.0668
0.5415
0.0567
0.5415
0.0668
0.5415
0.0668
0.5415
0.0668
0.5415
0.0591
0.5415
0.0567
0.5415
0.0490
0.5415
0.0567
0.5415
0.0591
0.5415
0.0591
0.5415
0.0532
0.5415
0.0490
0.5415
0.0465
0.5415
0.0490
0.5415
0.0532
0.5415
0.0532
0.5415
0.0514
0.5415
0.0465
0.5415
0.0490
0.5415
0.0465
0.5415
0.0514
0.5415
0.0514
0.5415
0.0532
0.5415
0.0490
0.5415
0.0567
0.5415
0.0490
0.5415
0.0532
0.5415
0.0532
0.5415
0.0591
0.5415
0.0567
0.5415
0.0668
0.5415
0.0567
0.5415
0.0591
0.5415
0.0591
0.5415
0.0668
0.5415
0.0668
0.5415
0.0774
0.5415
0.0668
0.5415
0.0668
0.5415
0.0668
0.5415
0.0749
0.5415
0.0774
0.5415
0.0847
0.5415
0.0774
0.5415
0.0749
0.5415
0.0749
0.5415
0.0805
0.5415
0.0847
0.5415
0.0680
0.3922
0.0702
0.3922
0.0702
0.5382
0.0702
0.5382
0.0680
0.5382
0.0680
0.3922
0.0702
0.3922
0.0754
0.3922
0.0754
0.5382
0.0754
0.5382
0.0702
0.5382
0.0702
0.3922
0.0754
0.3922
0.0807
0.3922
0.0807
0.5382
0.0807
0.5382
0.0754
0.5382
0.0754
0.3922
0.0807
0.3922
0.0828
0.3922
0.0828
0.5382
0.0828
0.5382
0.0807
0.5382
0.0807
0.3922
0.0828
0.3922
0.0807
0.3922
0.0807
0.5382
0.0807
0.5382
0.0828
0.5382
0.0828
0.3922
0.0807
0.3922
0.0754
0.3922
0.0754
0.5382
0.0754
0.5382
0.0807
0.5382
0.0807
0.3922
0.0754
0.3922
0.0702
0.3922
0.0702
0.5382
0.0702
0.5382
0.0754
0.5382
0.0754
0.3922
0.0702
0.3922
0.0680
0.3922
0.0680
0.5382
0.0680
0.5382
0.0702
0.5382
0.0702
0.3922
0.0507
0.3922
0.0529
0.3922
0.0529
0.5382
0.0529
0.5382
0.0507
0.5382
0.0507
0.3922
0.0529
0.3922
0.0581
0.3922
0.0581
0.5382
0.0581
0.5382
0.0529
0.5382
0.0529
0.3922
0.0581
0.3922
0.0634
0.3922
0.0634
0.5382
0.0634
0.5382
0.0581
0.5382
0.0581
0.3922
0.0634
0.3922
0.0655
0.3922
0.0655
0.5382
0.0655
0.5382
0.0634
0.5382
0.0634
0.3922
0.0655
0.3922
0.0634
0.3922
0.0634
0.5382
0.0634
0.5382
0.0655
0.5382
0.0655
0.3922
0.0634
0.3922
0.0581
0.3922
0.0581
0.5382
0.0581
0.5382
0.0634
0.5382
0.0634
0.3922
0.0581
0.3922
0.0529
0.3922
0.0529
0.5382
0.0529
0.5382
0.0581
0.5382
0.0581
0.3922
0.0529
0.3922
0.0507
0.3922
0.0507
0.5382
0.0507
0.5382
0.0529
0.5382
0.0529
0.3922
0.0701
0.3882
0.0681
0.3882
0.0669
0.3882
0.0669
0.3882
0.0668
0.3882
0.0701
0.3882
0.0751
0.3882
0.0701
0.3882
0.0668
0.3882
0.0668
0.3882
0.0750
0.3882
0.0751
0.3882
0.0800
0.3882
0.0751
0.3882
0.0750
0.3882
0.0750
0.3882
0.0807
0.3882
0.0800
0.3882
0.0821
0.3882
0.0800
0.3882
0.0807
0.3882
0.0807
0.3882
0.0825
0.3882
0.0821
0.3882
0.0800
0.3882
0.0821
0.3882
0.0825
0.3882
0.0825
0.3882
0.0807
0.3882
0.0800
0.3882
0.0751
0.3882
0.0800
0.3882
0.0807
0.3882
0.0807
0.3882
0.0750
0.3882
0.0751
0.3882
0.0701
0.3882
0.0751
0.3882
0.0750
0.3882
0.0750
0.3882
0.0668
0.3882
0.0701
0.3882
0.0681
0.3882
0.0701
0.3882
0.0668
0.3882
0.0668
0.3882
0.0669
0.3882
0.0681
0.3882
0.0539
0.3882
0.0518
0.3882
0.0511
0.3882
0.0511
0.3882
0.0531
0.3882
0.0539
0.3882
0.0588
0.3882
0.0539
0.3882
0.0531
0.3882
0.0531
0.3882
0.0590
0.3882
0.0588
0.3882
0.0638
0.3882
0.0588
0.3882
0.0590
0.3882
0.0590
0.3882
0.0668
0.3882
0.0638
0.3882
0.0658
0.3882
0.0638
0.3882
0.0668
0.3882
0.0668
0.3882
0.0669
0.3882
0.0658
0.3882
0.0638
0.3882
0.0658
0.3882
0.0669
0.3882
0.0669
0.3882
0.0668
0.3882
0.0638
0.3882
0.0588
0.3882
0.0638
0.3882
0.0668
0.3882
0.0668
0.3882
0.0590
0.3882
0.0588
0.3882
0.0539
0.3882
0.0588
0.3882
0.0590
0.3882
0.0590
0.3882
0.0531
0.3882
0.0539
0.3882
0.0518
0.3882
0.0539
0.3882
0.0531
0.3882
0.0531
0.3882
0.0511
0.3882
0.0518
0.3882
0.0681
0.5415
0.0701
0.5415
0.0668
0.5415
0.0668
0.5415
0.0670
0.5415
0.0681
0.5415
0.0701
0.5415
0.0750
0.5415
0.0749
0.5415
0.0749
0.5415
0.0668
0.5415
0.0701
0.5415
0.0750
0.5415
0.0798
0.5415
0.0805
0.5415
0.0805
0.5415
0.0749
0.5415
0.0750
0.5415
0.0798
0.5415
0.0818
0.5415
0.0822
0.5415
0.0822
0.5415
0.0805
0.5415
0.0798
0.5415
0.0818
0.5415
0.0798
0.5415
0.0805
0.5415
0.0805
0.5415
0.0822
0.5415
0.0818
0.5415
0.0798
0.5415
0.0750
0.5415
0.0749
0.5415
0.0749
0.5415
0.0805
0.5415
0.0798
0.5415
0.0750
0.5415
0.0701
0.5415
0.0668
0.5415
0.0668
0.5415
0.0749
0.5415
0.0750
0.5415
0.0701
0.5415
0.0681
0.5415
0.0670
0.5415
0.0670
0.5415
0.0668
0.5415
0.0701
0.5415
0.0520
0.5415
0.0541
0.5415
0.0532
0.5415
0.0532
0.5415
0.0514
0.5415
0.0520
0.5415
0.0541
0.5415
0.0589
0.5415
0.0591
0.5415
0.0591
0.5415
0.0532
0.5415
0.0541
0.5415
0.0589
0.5415
0.0638
0.5415
0.0668
0.5415
0.0668
0.5415
0.0591
0.5415
0.0589
0.5415
0.0638
0.5415
0.0658
0.5415
0.0670
0.5415
0.0670
0.5415
0.0668
0.5415
0.0638
0.5415
0.0658
0.5415
0.0638
0.5415
0.0668
0.5415
0.0668
0.5415
0.0670
0.5415
0.0658
0.5415
0.0638
0.5415
0.0589
0.5415
0.0591
0.5415
0.0591
0.5415
0.0668
0.5415
0.0638
0.5415
0.0589
0.5415
0.0541
0.5415
0.0532
0.5415
0.0532
0.5415
0.0591
0.5415
0.0589
0.5415
0.0541
0.5415
0.0520
0.5415
0.0514
0.5415
0.0514
0.5415
0.0532
0.5415
0.0541
0.5415
0.0253
0.3954
0.0253
0.5347
0.0267
0.5347
0.0267
0.5347
0.0267
0.3954
0.0253
0.3954
0.0267
0.3954
0.0267
0.5347
0.0301
0.5347
0.0301
0.5347
0.0301
0.3954
0.0267
0.3954
0.0301
0.3954
0.0301
0.5347
0.0334
0.5347
0.0334
0.5347
0.0334
0.3954
0.0301
0.3954
0.0334
0.3954
0.0334
0.5347
0.0348
0.5347
0.0348
0.5347
0.0348
0.3954
0.0334
0.3954
0.0348
0.3954
0.0348
0.5347
0.0334
0.5347
0.0334
0.5347
0.0334
0.3954
0.0348
0.3954
0.0334
0.3954
0.0334
0.5347
0.0301
0.5347
0.0301
0.5347
0.0301
0.3954
0.0334
0.3954
0.0301
0.3954
0.0301
0.5347
0.0267
0.5347
0.0267
0.5347
0.0267
0.3954
0.0301
0.3954
0.0267
0.3954
0.0267
0.5347
0.0253
0.5347
0.0253
0.5347
0.0253
0.3954
0.0267
0.3954
0.0125
0.3954
0.0125
0.5347
0.0139
0.5347
0.0139
0.5347
0.0139
0.3954
0.0125
0.3954
0.0139
0.3954
0.0139
0.5347
0.0172
0.5347
0.0172
0.5347
0.0172
0.3954
0.0139
0.3954
0.0172
0.3954
0.0172
0.5347
0.0205
0.5347
0.0205
0.5347
0.0205
0.3954
0.0172
0.3954
0.0205
0.3954
0.0205
0.5347
0.0219
0.5347
0.0219
0.5347
0.0219
0.3954
0.0205
0.3954
0.0219
0.3954
0.0219
0.5347
0.0205
0.5347
0.0205
0.5347
0.0205
0.3954
0.0219
0.3954
0.0205
0.3954
0.0205
0.5347
0.0172
0.5347
0.0172
0.5347
0.0172
0.3954
0.0205
0.3954
0.0172
0.3954
0.0172
0.5347
0.0139
0.5347
0.0139
0.5347
0.0139
0.3954
0.0172
0.3954
0.0139
0.3954
0.0139
0.5347
0.0125
0.5347
0.0125
0.5347
0.0125
0.3954
0.0139
0.3954
0.0847
0.5491
0.0870
0.5491
0.0825
0.5491
0.0825
0.5491
0.0807
0.5491
0.0847
0.5491
0.0870
0.5491
0.0847
0.5491
0.0807
0.5491
0.0807
0.5491
0.0825
0.5491
0.0870
0.5491
0.0847
0.5491
0.0774
0.5491
0.0750
0.5491
0.0750
0.5491
0.0807
0.5491
0.0847
0.5491
0.0774
0.5491
0.0668
0.5491
0.0668
0.5491
0.0668
0.5491
0.0750
0.5491
0.0774
0.5491
0.0668
0.5491
0.0567
0.5491
0.0590
0.5491
0.0590
0.5491
0.0668
0.5491
0.0668
0.5491
0.0567
0.5491
0.0490
0.5491
0.0530
0.5491
0.0530
0.5491
0.0590
0.5491
0.0567
0.5491
0.0490
0.5491
0.0465
0.5491
0.0511
0.5491
0.0511
0.5491
0.0530
0.5491
0.0490
0.5491
0.0465
0.5491
0.0490
0.5491
0.0530
0.5491
0.0530
0.5491
0.0511
0.5491
0.0465
0.5491
0.0490
0.5491
0.0567
0.5491
0.0590
0.5491
0.0590
0.5491
0.0530
0.5491
0.0490
0.5491
0.0567
0.5491
0.0668
0.5491
0.0668
0.5491
0.0668
0.5491
0.0590
0.5491
0.0567
0.5491
0.0668
0.5491
0.0774
0.5491
0.0750
0.5491
0.0750
0.5491
0.0668
0.5491
0.0668
0.5491
0.0774
0.5491
0.0847
0.5491
0.0807
0.5491
0.0807
0.5491
0.0750
0.5491
0.0774
0.5491
0.0812
0.5532
0.0830
0.5532
0.0830
0.5686
0.0830
0.5686
0.0812
0.5686
0.0812
0.5532
0.0830
0.5532
0.0812
0.5532
0.0812
0.5686
0.0812
0.5686
0.0830
0.5686
0.0830
0.5532
0.0812
0.5532
0.0753
0.5532
0.0753
0.5686
0.0753
0.5686
0.0812
0.5686
0.0812
0.5532
0.0753
0.5532
0.0668
0.5532
0.0668
0.5686
0.0668
0.5686
0.0753
0.5686
0.0753
0.5532
0.0668
0.5532
0.0587
0.5532
0.0587
0.5686
0.0587
0.5686
0.0668
0.5686
0.0668
0.5532
0.0587
0.5532
0.0526
0.5532
0.0526
0.5686
0.0526
0.5686
0.0587
0.5686
0.0587
0.5532
0.0526
0.5532
0.0506
0.5532
0.0506
0.5686
0.0506
0.5686
0.0526
0.5686
0.0526
0.5532
0.0506
0.5532
0.0526
0.5532
0.0526
0.5686
0.0526
0.5686
0.0506
0.5686
0.0506
0.5532
0.0526
0.5532
0.0587
0.5532
0.0587
0.5686
0.0587
0.5686
0.0526
0.5686
0.0526
0.5532
0.0587
0.5532
0.0668
0.5532
0.0668
0.5686
0.0668
0.5686
0.0587
0.5686
0.0587
0.5532
0.0668
0.5532
0.0753
0.5532
0.0753
0.5686
0.0753
0.5686
0.0668
0.5686
0.0668
0.5532
0.0753
0.5532
0.0812
0.5532
0.0812
0.5686
0.0812
0.5686
0.0753
0.5686
0.0753
0.5532
0.0812
0.5686
0.0830
0.5686
0.0813
0.5686
0.0813
0.5686
0.0795
0.5686
0.0812
0.5686
0.0830
0.5686
0.0812
0.5686
0.0795
0.5686
0.0795
0.5686
0.0813
0.5686
0.0830
0.5686
0.0812
0.5686
0.0753
0.5686
0.0752
0.5686
0.0752
0.5686
0.0795
0.5686
0.0812
0.5686
0.0753
0.5686
0.0668
0.5686
0.0668
0.5686
0.0668
0.5686
0.0752
0.5686
0.0753
0.5686
0.0668
0.5686
0.0587
0.5686
0.0587
0.5686
0.0587
0.5686
0.0668
0.5686
0.0668
0.5686
0.0587
0.5686
0.0526
0.5686
0.0544
0.5686
0.0544
0.5686
0.0587
0.5686
0.0587
0.5686
0.0526
0.5686
0.0506
0.5686
0.0526
0.5686
0.0526
0.5686
0.0544
0.5686
0.0526
0.5686
0.0506
0.5686
0.0526
0.5686
0.0544
0.5686
0.0544
0.5686
0.0526
0.5686
0.0506
0.5686
0.0526
0.5686
0.0587
0.5686
0.0587
0.5686
0.0587
0.5686
0.0544
0.5686
0.0526
0.5686
0.0587
0.5686
0.0668
0.5686
0.0668
0.5686
0.0668
0.5686
0.0587
0.5686
0.0587
0.5686
0.0668
0.5686
0.0753
0.5686
0.0752
0.5686
0.0752
0.5686
0.0668
0.5686
0.0668
0.5686
0.0753
0.5686
0.0812
0.5686
0.0795
0.5686
0.0795
0.5686
0.0752
0.5686
0.0753
0.5686
0.0709
0.5686
0.0692
0.5686
0.0669
0.5686
0.0669
0.5686
0.0668
0.5686
0.0709
0.5686
0.0709
0.5686
0.0668
0.5686
0.0752
0.5686
0.0709
0.5686
0.0752
0.5686
0.0668
0.5686
0.0692
0.5686
0.0709
0.5686
0.0668
0.5686
0.0668
0.5686
0.0669
0.5686
0.0692
0.5686
0.0630
0.5686
0.0587
0.5686
0.0668
0.5686
0.0647
0.5686
0.0630
0.5686
0.0668
0.5686
0.0668
0.5686
0.0669
0.5686
0.0647
0.5686
0.0630
0.5686
0.0647
0.5686
0.0669
0.5686
0.0669
0.5686
0.0668
0.5686
0.0630
0.5686
0.0630
0.5686
0.0668
0.5686
0.0587
0.5686
0.0267
0.3954
0.0301
0.3954
0.0334
0.3954
0.0334
0.3954
0.0348
0.3954
0.0334
0.3954
0.0334
0.3954
0.0301
0.3954
0.0267
0.3954
0.0334
0.3954
0.0334
0.3954
0.0267
0.3954
0.0267
0.3954
0.0334
0.3954
0.0267
0.3954
0.0253
0.3954
0.0267
0.3954
0.0267
0.3954
0.0139
0.3954
0.0172
0.3954
0.0205
0.3954
0.0205
0.3954
0.0219
0.3954
0.0205
0.3954
0.0205
0.3954
0.0172
0.3954
0.0139
0.3954
0.0205
0.3954
0.0205
0.3954
0.0139
0.3954
0.0139
0.3954
0.0205
0.3954
0.0139
0.3954
0.0125
0.3954
0.0139
0.3954
0.0139
0.3954
0.2149
0.6269
0.1362
0.6269
0.1362
0.561
0.1362
0.561
0.2149
0.561
0.2149
0.6269
0.2403
0.0811
0.2403
0.0147
0.2804
0.0147
0.2804
0.0147
0.2804
0.0811
0.2403
0.0811
0.0824
0.0811
0.0824
0.0147
0.1591
0.0147
0.1591
0.0147
0.1591
0.0811
0.0824
0.0811
0.1927
0.3579
0.2531
0.3042
0.3001
0.3042
0.1927
0.3579
0.3001
0.3042
0.2330
0.3943
0.1728
0.3943
0.1927
0.3579
0.2330
0.3943
0.7574
0.4176
0.7371
0.3943
0.7779
0.257
0.7779
0.257
0.8090
0.2388
0.7574
0.4176
0.7371
0.3943
0.7574
0.4176
0.6958
0.4176
0.6958
0.4176
0.6820
0.3943
0.7371
0.3943
0.2531
0.3042
0.2436
0.2876
0.2835
0.2876
0.2835
0.2876
0.3001
0.3042
0.2531
0.3042
0.1728
0.3943
0.1337
0.4176
0.1627
0.3412
0.1627
0.3412
0.1927
0.3579
0.1728
0.3943
0.9871
0.0147
0.9871
0.0811
0.8077
0.0811
0.8077
0.0811
0.8077
0.0147
0.9871
0.0147
0.2193
0.1793
0.2193
0.0915
0.2804
0.0915
0.2804
0.0915
0.2804
0.1793
0.2193
0.1793
0.0155
0.1792
0.0155
0.0915
0.0521
0.0915
0.0521
0.0915
0.0521
0.1792
0.0155
0.1792
0.8891
0.5045
0.8590
0.5162
0.8692
0.4905
0.1337
0.4176
0.1079
0.4402
0.2129
0.4402
0.2129
0.4402
0.2129
0.4176
0.1337
0.4176
0.7574
0.4176
0.7715
0.4402
0.7147
0.4402
0.7147
0.4402
0.6958
0.4176
0.7574
0.4176
0.8090
0.2388
0.8423
0.216
0.7721
0.216
0.7721
0.216
0.7569
0.2388
0.8090
0.2388
0.8090
0.2388
0.8423
0.216
0.7715
0.4402
0.7715
0.4402
0.7574
0.4176
0.8090
0.2388
0.7574
0.4176
0.7715
0.4402
0.8423
0.216
0.8423
0.216
0.8090
0.2388
0.7574
0.4176
0.6052
0.6269
0.4027
0.6269
0.4027
0.561
0.4027
0.561
0.6052
0.561
0.6052
0.6269
0.6741
0.0811
0.4698
0.0811
0.4698
0.0147
0.4698
0.0147
0.6741
0.0147
0.6741
0.0811
0.5862
0.3707
0.4862
0.3708
0.4862
0.3234
0.4862
0.3234
0.5862
0.3234
0.5862
0.3707
0.2330
0.3943
0.4047
0.3943
0.4016
0.4176
0.4016
0.4176
0.2129
0.4176
0.2330
0.3943
0.6650
0.257
0.4718
0.3042
0.4723
0.2876
0.4723
0.2876
0.6758
0.2388
0.6650
0.257
0.2149
0.4603
0.4027
0.4603
0.4027
0.5474
0.4027
0.5474
0.2149
0.5474
0.2149
0.4603
0.6052
0.4176
0.4016
0.4176
0.4016
0.4402
0.4016
0.4402
0.6052
0.4402
0.6052
0.4176
0.2129
0.4176
0.4016
0.4176
0.4016
0.4402
0.4016
0.4402
0.2129
0.4402
0.2129
0.4176
0.3480
0.2767
0.3989
0.2767
0.3989
0.2648
0.3989
0.2648
0.3480
0.2648
0.3480
0.2767
0.6758
0.2388
0.4723
0.2876
0.4723
0.2648
0.4723
0.2648
0.6758
0.216
0.6758
0.2388
0.4027
0.6269
0.2149
0.6269
0.2149
0.561
0.2149
0.561
0.4027
0.561
0.4027
0.6269
0.3961
0.0811
0.3451
0.0811
0.3451
0.0147
0.3451
0.0147
0.3961
0.0147
0.3961
0.0811
0.4047
0.3943
0.2330
0.3943
0.3001
0.3042
0.3001
0.3042
0.4718
0.3042
0.4047
0.3943
0.3961
0.2208
0.3451
0.2208
0.3451
0.1897
0.3451
0.1897
0.3961
0.1895
0.3961
0.2208
0.3961
0.1792
0.3451
0.1793
0.3451
0.0915
0.3451
0.0915
0.3961
0.0915
0.3961
0.1792
0.2129
0.4176
0.2129
0.4402
0.4016
0.4402
0.4016
0.4402
0.4016
0.4176
0.2129
0.4176
0.3480
0.2761
0.3480
0.2648
0.3989
0.2648
0.3989
0.2648
0.3989
0.2767
0.3480
0.2761
0.1728
0.3943
0.2330
0.3943
0.2129
0.4176
0.2129
0.4176
0.1337
0.4176
0.1728
0.3943
0.1105
0.4603
0.2149
0.4603
0.2149
0.5474
0.2149
0.5474
0.1105
0.5474
0.1105
0.4603
0.1337
0.4176
0.2129
0.4176
0.2129
0.4402
0.2129
0.4402
0.1079
0.4402
0.1337
0.4176
0.4047
0.3943
0.5979
0.3943
0.6052
0.4176
0.6052
0.4176
0.4016
0.4176
0.4047
0.3943
0.4027
0.4603
0.6052
0.4603
0.6052
0.5474
0.6052
0.5474
0.4027
0.5474
0.4027
0.4603
0.6052
0.4176
0.6052
0.4402
0.4016
0.4402
0.4016
0.4402
0.4016
0.4176
0.6052
0.4176
0.6758
0.2388
0.6758
0.216
0.4723
0.2648
0.4723
0.2648
0.4723
0.2876
0.6758
0.2388
0.6953
0.6269
0.6052
0.6269
0.6052
0.561
0.6052
0.561
0.6953
0.561
0.6953
0.6269
0.7554
0.0811
0.6741
0.0811
0.6741
0.0147
0.6741
0.0147
0.7554
0.0147
0.7554
0.0811
0.6820
0.3943
0.5979
0.3943
0.6650
0.257
0.6650
0.257
0.7400
0.257
0.6820
0.3943
0.7400
0.257
0.6650
0.257
0.6758
0.2388
0.6758
0.2388
0.7569
0.2388
0.7400
0.257
0.7838
0.1766
0.6739
0.1739
0.6739
0.0968
0.6739
0.0968
0.7838
0.0942
0.7838
0.1766
0.6958
0.4176
0.6052
0.4176
0.6052
0.4402
0.6052
0.4402
0.7147
0.4402
0.6958
0.4176
0.7569
0.2388
0.6758
0.2388
0.6758
0.216
0.6758
0.216
0.7721
0.216
0.7569
0.2388
0.7721
0.216
0.6758
0.216
0.6757
0.1857
0.6757
0.1857
0.7853
0.1923
0.7721
0.216
0.5979
0.3943
0.6820
0.3943
0.6958
0.4176
0.6958
0.4176
0.6052
0.4176
0.5979
0.3943
0.6052
0.4603
0.7141
0.4603
0.7141
0.5474
0.7141
0.5474
0.6052
0.5474
0.6052
0.4603
0.6958
0.4176
0.7147
0.4402
0.6052
0.4402
0.6052
0.4402
0.6052
0.4176
0.6958
0.4176
0.7569
0.2388
0.7721
0.216
0.6758
0.216
0.6758
0.216
0.6758
0.2388
0.7569
0.2388
0.7566
0.6269
0.6953
0.6269
0.6953
0.561
0.6953
0.561
0.7566
0.561
0.7566
0.6269
0.8077
0.0811
0.7554
0.0811
0.7554
0.0147
0.7554
0.0147
0.8077
0.0147
0.8077
0.0811
0.7371
0.3943
0.6820
0.3943
0.7400
0.257
0.7400
0.257
0.7779
0.257
0.7371
0.3943
0.7779
0.257
0.7400
0.257
0.7569
0.2388
0.7569
0.2388
0.8090
0.2388
0.7779
0.257
0.7574
0.4176
0.6958
0.4176
0.7147
0.4402
0.7147
0.4402
0.7715
0.4402
0.7574
0.4176
0.8090
0.2388
0.7569
0.2388
0.7721
0.216
0.7721
0.216
0.8423
0.216
0.8090
0.2388
0.6758
0.216
0.7721
0.216
0.7853
0.1923
0.7853
0.1923
0.6757
0.1857
0.6758
0.216
0.8334
0.1494
0.8906
0.1494
0.9097
0.2046
0.9097
0.2046
0.8143
0.2046
0.8334
0.1494
0.8350
0.1192
0.8890
0.1192
0.8906
0.1494
0.8906
0.1494
0.8334
0.1494
0.8350
0.1192
0.9183
0.2046
0.9097
0.2046
0.9097
0.1584
0.9097
0.1584
0.9183
0.158
0.9183
0.2046
0.9183
0.158
0.9097
0.1584
0.9070
0.1044
0.9070
0.1044
0.9166
0.1043
0.9183
0.158
0.9149
0.0958
0.9070
0.1044
0.8170
0.1044
0.8170
0.1044
0.8092
0.0958
0.9149
0.0958
0.8092
0.0958
0.8170
0.1044
0.8074
0.1043
0.8057
0.158
0.8143
0.1584
0.8143
0.2046
0.8143
0.2046
0.8057
0.2046
0.8057
0.158
0.9751
0.2662
0.9449
0.2735
0.8891
0.2735
0.9616
0.2634
0.9751
0.2662
0.8891
0.2735
0.8724
0.2634
0.9616
0.2634
0.8891
0.2735
0.8590
0.2662
0.8724
0.2634
0.8891
0.2735
0.9097
0.1584
0.9097
0.2046
0.8906
0.1494
0.9097
0.1584
0.8906
0.1494
0.8890
0.1192
0.8890
0.1192
0.9070
0.1044
0.9097
0.1584
0.9070
0.1044
0.8890
0.1192
0.8350
0.1192
0.8350
0.1192
0.8170
0.1044
0.9070
0.1044
0.8170
0.1044
0.8350
0.1192
0.8334
0.1494
0.8334
0.1494
0.8143
0.1584
0.8170
0.1044
0.8143
0.1584
0.8334
0.1494
0.8143
0.2046
0.7853
0.1923
0.6757
0.1857
0.7852
0.1857
0.6757
0.1857
0.7853
0.1923
0.7852
0.1857
0.9166
0.1043
0.9070
0.1044
0.9149
0.0958
0.8057
0.158
0.8074
0.1043
0.8170
0.1044
0.8170
0.1044
0.8143
0.1584
0.8057
0.158
0.9449
0.5045
0.9648
0.4905
0.9751
0.5162
0.8692
0.2861
0.8590
0.2662
0.8891
0.2735
0.9751
0.2662
0.9648
0.2861
0.9449
0.2735
0.7706
0.4603
0.7706
0.5474
0.7141
0.5474
0.7141
0.5474
0.7141
0.4603
0.7706
0.4603
0.8891
0.5045
0.9449
0.5045
0.9751
0.5162
0.9751
0.5162
0.8590
0.5162
0.8891
0.5045
0.9358
0.302
0.9358
0.478
0.8990
0.478
0.8990
0.478
0.8989
0.302
0.9358
0.302
0.8989
0.302
0.8990
0.478
0.8896
0.4694
0.8896
0.4694
0.8896
0.3091
0.8989
0.302
0.9451
0.3091
0.9451
0.4694
0.9358
0.478
0.9358
0.478
0.9358
0.302
0.9451
0.3091
0.8692
0.2861
0.8692
0.4905
0.8590
0.5162
0.8590
0.5162
0.8590
0.2662
0.8692
0.2861
0.9751
0.2662
0.9751
0.5162
0.9648
0.4905
0.9648
0.4905
0.9648
0.2861
0.9751
0.2662
0.8739
0.4893
0.8760
0.4883
0.8898
0.4989
0.8898
0.4989
0.8891
0.501
0.8739
0.4893
0.8891
0.501
0.8898
0.4989
0.9442
0.4989
0.9442
0.4989
0.9449
0.501
0.8891
0.501
0.9449
0.501
0.9442
0.4989
0.9581
0.4883
0.9581
0.4883
0.9601
0.4893
0.9449
0.501
0.9601
0.4893
0.9581
0.4883
0.9581
0.2893
0.9581
0.2893
0.9601
0.2882
0.9601
0.4893
0.9601
0.2882
0.9581
0.2893
0.9443
0.2805
0.9443
0.2805
0.9449
0.2784
0.9601
0.2882
0.9449
0.2784
0.9443
0.2805
0.8897
0.2805
0.8897
0.2805
0.8891
0.2784
0.9449
0.2784
0.8891
0.2784
0.8897
0.2805
0.8760
0.2893
0.8760
0.2893
0.8739
0.2882
0.8891
0.2784
0.8739
0.2882
0.8760
0.2893
0.8760
0.4883
0.8760
0.4883
0.8739
0.4893
0.8739
0.2882
0.8760
0.4883
0.8896
0.4694
0.8990
0.478
0.8990
0.478
0.8898
0.4989
0.8760
0.4883
0.8898
0.4989
0.8990
0.478
0.9358
0.478
0.9358
0.478
0.9442
0.4989
0.8898
0.4989
0.9442
0.4989
0.9358
0.478
0.9451
0.4694
0.9451
0.4694
0.9581
0.4883
0.9442
0.4989
0.9581
0.4883
0.9451
0.4694
0.9451
0.3091
0.9451
0.3091
0.9581
0.2893
0.9581
0.4883
0.9581
0.2893
0.9451
0.3091
0.9358
0.302
0.9358
0.302
0.9443
0.2805
0.9581
0.2893
0.9443
0.2805
0.9358
0.302
0.8989
0.302
0.8989
0.302
0.8897
0.2805
0.9443
0.2805
0.8897
0.2805
0.8989
0.302
0.8896
0.3091
0.8896
0.3091
0.8760
0.2893
0.8897
0.2805
0.8760
0.2893
0.8896
0.3091
0.8896
0.4694
0.8896
0.4694
0.8760
0.4883
0.8760
0.2893
0.2804
0.0147
0.3384
0.0147
0.3384
0.0811
0.3384
0.0811
0.2804
0.0811
0.2804
0.0147
0.2835
0.2876
0.3414
0.2876
0.3414
0.2648
0.3414
0.2648
0.2835
0.2648
0.2835
0.2876
0.2804
0.0915
0.3384
0.0915
0.3384
0.1793
0.3384
0.1793
0.2804
0.1793
0.2804
0.0915
0.2835
0.2648
0.3414
0.2648
0.3414
0.287
0.3414
0.287
0.2835
0.2876
0.2835
0.2648
0.2835
0.2876
0.3414
0.287
0.3414
0.2999
0.3414
0.2999
0.3001
0.3042
0.2835
0.2876
0.3001
0.3042
0.3414
0.2999
0.4055
0.2999
0.4055
0.2999
0.4718
0.3042
0.3001
0.3042
0.4718
0.3042
0.4055
0.2999
0.4055
0.2876
0.4055
0.2876
0.4723
0.2876
0.4718
0.3042
0.4723
0.2876
0.4055
0.2876
0.4055
0.2648
0.4055
0.2648
0.4723
0.2648
0.4723
0.2876
0.4698
0.1793
0.4028
0.1793
0.4028
0.0915
0.4028
0.0915
0.4698
0.0915
0.4698
0.1793
0.4723
0.2648
0.4055
0.2648
0.4055
0.2876
0.4055
0.2876
0.4723
0.2876
0.4723
0.2648
0.4698
0.0811
0.4028
0.0811
0.4028
0.0147
0.4028
0.0147
0.4698
0.0147
0.4698
0.0811
0.3384
0.0147
0.3451
0.0147
0.3451
0.0811
0.3451
0.0811
0.3384
0.0811
0.3384
0.0147
0.3414
0.2876
0.3480
0.2767
0.3480
0.2648
0.3480
0.2648
0.3414
0.2648
0.3414
0.2876
0.3384
0.0915
0.3451
0.0915
0.3451
0.1793
0.3451
0.1793
0.3384
0.1793
0.3384
0.0915
0.3414
0.2648
0.3480
0.2648
0.3480
0.2761
0.3480
0.2761
0.3414
0.287
0.3414
0.2648
0.3384
0.1896
0.3451
0.1897
0.3451
0.2208
0.3451
0.2208
0.3384
0.2268
0.3384
0.1896
0.3384
0.2268
0.3451
0.2208
0.3961
0.2208
0.3961
0.2208
0.4028
0.2268
0.3384
0.2268
0.4028
0.2268
0.3961
0.2208
0.3961
0.1895
0.3961
0.1895
0.4028
0.1896
0.4028
0.2268
0.4055
0.2876
0.3989
0.2767
0.3989
0.2648
0.3989
0.2648
0.4055
0.2648
0.4055
0.2876
0.4028
0.1793
0.3961
0.1792
0.3961
0.0915
0.3961
0.0915
0.4028
0.0915
0.4028
0.1793
0.4055
0.2648
0.3989
0.2648
0.3989
0.2767
0.3989
0.2767
0.4055
0.2876
0.4055
0.2648
0.4028
0.0811
0.3961
0.0811
0.3961
0.0147
0.3961
0.0147
0.4028
0.0147
0.4028
0.0811
0.8739
0.4893
0.8692
0.4905
0.8692
0.2861
0.8692
0.2861
0.8739
0.2882
0.8739
0.4893
0.8499
0.2569
0.8590
0.2662
0.8590
0.5162
0.8590
0.5162
0.8499
0.524
0.8499
0.2569
0.9841
0.524
0.9751
0.5162
0.9751
0.2662
0.9751
0.2662
0.9841
0.2569
0.9841
0.524
0.9601
0.2882
0.9648
0.2861
0.9648
0.4905
0.9648
0.4905
0.9601
0.4893
0.9601
0.2882
0.8891
0.501
0.8891
0.5045
0.8692
0.4905
0.8692
0.4905
0.8739
0.4893
0.8891
0.501
0.8499
0.524
0.8590
0.5162
0.9751
0.5162
0.9751
0.5162
0.9841
0.524
0.8499
0.524
0.9601
0.4893
0.9648
0.4905
0.9449
0.5045
0.9449
0.5045
0.9449
0.501
0.9601
0.4893
0.9449
0.501
0.9449
0.5045
0.8891
0.5045
0.8891
0.5045
0.8891
0.501
0.9449
0.501
0.9739
0.2569
0.9616
0.2634
0.8724
0.2634
0.8724
0.2634
0.8601
0.2569
0.9739
0.2569
0.8601
0.2569
0.8724
0.2634
0.8590
0.2662
0.8590
0.2662
0.8499
0.2569
0.8601
0.2569
0.8739
0.2882
0.8692
0.2861
0.8891
0.2735
0.8891
0.2735
0.8891
0.2784
0.8739
0.2882
0.8891
0.2784
0.8891
0.2735
0.9449
0.2735
0.9449
0.2735
0.9449
0.2784
0.8891
0.2784
0.9449
0.2784
0.9449
0.2735
0.9648
0.2861
0.9648
0.2861
0.9601
0.2882
0.9449
0.2784
0.9841
0.2569
0.9751
0.2662
0.9616
0.2634
0.9616
0.2634
0.9739
0.2569
0.9841
0.2569
0.2403
0.0147
0.2403
0.0811
0.1591
0.0811
0.1591
0.0811
0.1591
0.0147
0.2403
0.0147
0.2436
0.2876
0.2531
0.3042
0.1927
0.3579
0.1927
0.3579
0.1627
0.3412
0.2436
0.2876
0.2193
0.0915
0.2193
0.1793
0.1335
0.1793
0.1335
0.1793
0.1335
0.0915
0.2193
0.0915
0.2436
0.2876
0.2227
0.2648
0.2835
0.2648
0.2835
0.2648
0.2835
0.2876
0.2436
0.2876
0.2835
0.2876
0.2835
0.2648
0.2227
0.2648
0.2227
0.2648
0.2436
0.2876
0.2835
0.2876
0.2436
0.2876
0.2227
0.2648
0.1371
0.3226
0.1371
0.3226
0.1627
0.3412
0.2436
0.2876
0.1627
0.3412
0.1371
0.3226
0.2227
0.2648
0.2227
0.2648
0.2436
0.2876
0.1627
0.3412
0.0521
0.0915
0.1335
0.0915
0.1335
0.1793
0.1335
0.1793
0.0521
0.1792
0.0521
0.0915
0.1627
0.3412
0.1371
0.3226
0.1079
0.4037
0.1079
0.4037
0.1337
0.4176
0.1627
0.3412
0.1337
0.4176
0.1079
0.4037
0.1371
0.3226
0.1371
0.3226
0.1627
0.3412
0.1337
0.4176
0.1079
0.4037
0.1337
0.4176
0.1079
0.4402
0.1079
0.4402
0.1337
0.4176
0.1079
0.4037
0.6650
0.257
0.5957
0.3143
0.4767
0.3144
0.4767
0.3144
0.4718
0.3042
0.6650
0.257
0.4718
0.3042
0.4767
0.3144
0.4767
0.3798
0.4767
0.3798
0.4047
0.3943
0.4718
0.3042
0.4047
0.3943
0.4767
0.3798
0.5957
0.3797
0.5957
0.3797
0.5979
0.3943
0.4047
0.3943
0.5979
0.3943
0.5957
0.3797
0.5957
0.3143
0.5957
0.3143
0.6650
0.257
0.5979
0.3943
0.5957
0.3143
0.5862
0.3234
0.4862
0.3234
0.4862
0.3234
0.4767
0.3144
0.5957
0.3143
0.4767
0.3144
0.4862
0.3234
0.4862
0.3708
0.4862
0.3708
0.4767
0.3798
0.4767
0.3144
0.4767
0.3798
0.4862
0.3708
0.5862
0.3707
0.5862
0.3707
0.5957
0.3797
0.4767
0.3798
0.5957
0.3797
0.5862
0.3707
0.5862
0.3234
0.5862
0.3234
0.5957
0.3143
0.5957
0.3797
0.6606
0.1768
0.5502
0.185
0.5442
0.1437
0.5442
0.1437
0.6524
0.1203
0.6606
0.1768
0.6424
0.0952
0.6469
0.1134
0.5386
0.1354
0.5386
0.1354
0.4912
0.0956
0.6424
0.0952
0.4798
0.1416
0.5351
0.1451
0.5411
0.1863
0.5411
0.1863
0.4891
0.2053
0.4798
0.1416
0.5098
0.2447
0.5460
0.1943
0.6564
0.1889
0.6564
0.1889
0.6565
0.2076
0.5098
0.2447
0.1353
0.2048
0.1330
0.2053
0.0349
0.2052
0.0349
0.2052
0.0295
0.2048
0.1353
0.2048
0.0295
0.2048
0.0349
0.2052
0.0591
0.2121
0.0591
0.2121
0.0579
0.2127
0.0295
0.2048
0.0579
0.2127
0.0591
0.2121
0.1329
0.2072
0.1329
0.2072
0.1352
0.2076
0.0579
0.2127
0.1352
0.2076
0.1329
0.2072
0.1330
0.2053
0.1330
0.2053
0.1353
0.2048
0.1352
0.2076
0.0295
0.2502
0.0349
0.2498
0.1330
0.2497
0.1330
0.2497
0.1353
0.2502
0.0295
0.2502
0.1353
0.2502
0.1330
0.2497
0.1329
0.2478
0.1329
0.2478
0.1352
0.2474
0.1353
0.2502
0.1352
0.2474
0.1329
0.2478
0.0591
0.2429
0.0591
0.2429
0.0579
0.2423
0.1352
0.2474
0.0579
0.2423
0.0591
0.2429
0.0349
0.2498
0.0349
0.2498
0.0295
0.2502
0.0579
0.2423
0.0295
0.2048
0.0307
0.207
0.0307
0.248
0.0307
0.248
0.0295
0.2502
0.0295
0.2048
0.0295
0.2502
0.0307
0.248
0.0567
0.2407
0.0567
0.2407
0.0579
0.2423
0.0295
0.2502
0.0579
0.2423
0.0567
0.2407
0.0567
0.2143
0.0567
0.2143
0.0579
0.2127
0.0579
0.2423
0.0579
0.2127
0.0567
0.2143
0.0307
0.207
0.0307
0.207
0.0295
0.2048
0.0579
0.2127
0.1352
0.2474
0.1335
0.2457
0.1335
0.2093
0.1335
0.2093
0.1352
0.2076
0.1352
0.2474
0.1352
0.2076
0.1335
0.2093
0.0596
0.2142
0.0596
0.2142
0.0579
0.2127
0.1352
0.2076
0.0579
0.2127
0.0596
0.2142
0.0596
0.2408
0.0596
0.2408
0.0579
0.2423
0.0579
0.2127
0.0579
0.2423
0.0596
0.2408
0.1335
0.2457
0.1335
0.2457
0.1352
0.2474
0.0579
0.2423
0.1335
0.2457
0.1336
0.2457
0.1336
0.2093
0.1336
0.2093
0.1335
0.2093
0.1335
0.2457
0.1335
0.2093
0.1336
0.2093
0.0597
0.2142
0.0597
0.2142
0.0596
0.2142
0.1335
0.2093
0.0596
0.2142
0.0597
0.2142
0.0597
0.2408
0.0597
0.2408
0.0596
0.2408
0.0596
0.2142
0.0596
0.2408
0.0597
0.2408
0.1336
0.2457
0.1336
0.2457
0.1335
0.2457
0.0596
0.2408
0.1330
0.2053
0.1331
0.2074
0.0351
0.2074
0.0351
0.2074
0.0349
0.2052
0.1330
0.2053
0.0349
0.2052
0.0351
0.2074
0.0593
0.2142
0.0593
0.2142
0.0591
0.2121
0.0349
0.2052
0.0591
0.2121
0.0593
0.2142
0.1331
0.2093
0.1331
0.2093
0.1329
0.2072
0.0591
0.2121
0.1329
0.2072
0.1331
0.2093
0.1331
0.2074
0.1331
0.2074
0.1330
0.2053
0.1329
0.2072
0.0307
0.207
0.0326
0.207
0.0326
0.248
0.0326
0.248
0.0307
0.248
0.0307
0.207
0.0307
0.248
0.0326
0.248
0.0586
0.2407
0.0586
0.2407
0.0567
0.2407
0.0307
0.248
0.0567
0.2407
0.0586
0.2407
0.0586
0.2143
0.0586
0.2143
0.0567
0.2143
0.0567
0.2407
0.0567
0.2143
0.0586
0.2143
0.0326
0.207
0.0326
0.207
0.0307
0.207
0.0567
0.2143
0.0349
0.2498
0.0351
0.2476
0.1331
0.2476
0.1331
0.2476
0.1330
0.2497
0.0349
0.2498
0.1330
0.2497
0.1331
0.2476
0.1331
0.2457
0.1331
0.2457
0.1329
0.2478
0.1330
0.2497
0.1329
0.2478
0.1331
0.2457
0.0593
0.2408
0.0593
0.2408
0.0591
0.2429
0.1329
0.2478
0.0591
0.2429
0.0593
0.2408
0.0351
0.2476
0.0351
0.2476
0.0349
0.2498
0.0591
0.2429
0.4426
0.9475
0.3121
0.9364
0.3211
0.9308
0.3211
0.9308
0.4480
0.9409
0.4426
0.9475
0.3211
0.9308
0.3121
0.9364
0.3010
0.8984
0.3010
0.8984
0.3103
0.8959
0.3211
0.9308
0.4476
0.9317
0.3320
0.9226
0.3236
0.8955
0.3236
0.8955
0.4480
0.9012
0.4476
0.9317
0.9439
0.9696
0.9354
0.9612
0.9354
0.913
0.9354
0.913
0.9439
0.917
0.9439
0.9696
0.9466
0.7863
0.9396
0.814
0.7859
0.8141
0.7859
0.8141
0.7892
0.7862
0.9466
0.7863
0.9721
0.7681
0.9598
0.8277
0.9509
0.8238
0.9509
0.8238
0.9628
0.7765
0.9721
0.7681
0.3103
0.8959
0.3010
0.8984
0.3010
0.8568
0.3010
0.8568
0.3103
0.8578
0.3103
0.8959
0.9343
0.8511
0.9220
0.9123
0.7919
0.913
0.7919
0.913
0.7932
0.8512
0.9343
0.8511
0.9439
0.917
0.9354
0.913
0.9500
0.8403
0.9500
0.8403
0.9589
0.8363
0.9439
0.917
0.7963
0.9696
0.6641
0.9657
0.6633
0.9576
0.6633
0.9576
0.7919
0.9612
0.7963
0.9696
0.7876
0.7765
0.6585
0.8019
0.6592
0.7958
0.6592
0.7958
0.7919
0.7681
0.7876
0.7765
0.7924
0.9511
0.6634
0.9475
0.6633
0.9094
0.6633
0.9094
0.7919
0.913
0.7924
0.9511
0.4507
0.8159
0.5984
0.8161
0.5979
0.8516
0.5979
0.8516
0.4480
0.8516
0.4507
0.8159
0.4480
0.8516
0.5979
0.8516
0.5785
0.8969
0.5785
0.8969
0.4480
0.9012
0.4480
0.8516
0.5961
0.9476
0.4426
0.9475
0.4480
0.9409
0.4480
0.9409
0.5919
0.9409
0.5961
0.9476
0.5979
0.8063
0.4480
0.8063
0.4426
0.8006
0.4426
0.8006
0.5968
0.8006
0.5979
0.8063
0.5784
0.9316
0.4476
0.9317
0.4480
0.9012
0.4480
0.9012
0.5785
0.8969
0.5784
0.9316
0.3232
0.8638
0.4480
0.8516
0.4480
0.9012
0.4480
0.9012
0.3236
0.8955
0.3232
0.8638
0.4480
0.8063
0.3103
0.8578
0.3010
0.8568
0.3010
0.8568
0.4426
0.8006
0.4480
0.8063
0.4507
0.8159
0.4480
0.8516
0.3232
0.8638
0.6603
0.8115
0.7892
0.7862
0.7859
0.8141
0.7859
0.8141
0.6514
0.8329
0.6603
0.8115
0.6698
0.8694
0.7932
0.8512
0.7919
0.913
0.7919
0.913
0.6633
0.9094
0.6698
0.8694
0.9439
0.9696
0.7963
0.9696
0.7919
0.9612
0.7919
0.9612
0.9354
0.9612
0.9439
0.9696
0.9628
0.7765
0.7876
0.7765
0.7919
0.7681
0.7919
0.7681
0.9721
0.7681
0.9628
0.7765
0.9221
0.9511
0.7924
0.9511
0.7919
0.913
0.7919
0.913
0.9220
0.9123
0.9221
0.9511
0.6049
0.9615
0.6083
0.9565
0.6633
0.9576
0.6633
0.9576
0.6641
0.9657
0.6049
0.9615
0.5979
0.8063
0.5968
0.8006
0.6592
0.7958
0.6592
0.7958
0.6585
0.8019
0.5979
0.8063
0.6217
0.9467
0.6215
0.9129
0.6633
0.9094
0.6633
0.9094
0.6634
0.9475
0.6217
0.9467
0.6603
0.8115
0.6514
0.8329
0.5979
0.8516
0.5979
0.8516
0.5984
0.8161
0.6603
0.8115
0.6633
0.9094
0.6215
0.9129
0.6698
0.8694
0.5785
0.8969
0.5979
0.8516
0.6514
0.8329
0.7919
0.8404
0.7904
0.8364
0.9589
0.8363
0.9589
0.8363
0.9500
0.8403
0.7919
0.8404
0.5919
0.9012
0.5961
0.904
0.5961
0.9476
0.5961
0.9476
0.5919
0.9409
0.5919
0.9012
0.6629
0.8594
0.6614
0.8554
0.7904
0.8364
0.7904
0.8364
0.7919
0.8404
0.6629
0.8594
0.6083
0.9087
0.6053
0.9048
0.6614
0.8554
0.6614
0.8554
0.6629
0.8594
0.6083
0.9087
0.9509
0.8238
0.9598
0.8277
0.7904
0.8272
0.7904
0.8272
0.7876
0.8238
0.9509
0.8238
0.6083
0.9565
0.6049
0.9615
0.6053
0.9048
0.6053
0.9048
0.6083
0.9087
0.6083
0.9565
0.7876
0.8238
0.7904
0.8272
0.6614
0.8462
0.6614
0.8462
0.6585
0.8428
0.7876
0.8238
0.6585
0.8428
0.6614
0.8462
0.5961
0.904
0.5961
0.904
0.5919
0.9012
0.6585
0.8428
0.3103
0.8959
0.3236
0.8955
0.3320
0.9226
0.3320
0.9226
0.3211
0.9308
0.3103
0.8959
0.3211
0.9308
0.3320
0.9226
0.4476
0.9317
0.4476
0.9317
0.4480
0.9409
0.3211
0.9308
0.4480
0.9409
0.4476
0.9317
0.5784
0.9316
0.5784
0.9316
0.5919
0.9409
0.4480
0.9409
0.5919
0.9409
0.5784
0.9316
0.5785
0.8969
0.5785
0.8969
0.5919
0.9012
0.5919
0.9409
0.5919
0.9012
0.5785
0.8969
0.6514
0.8329
0.6514
0.8329
0.6585
0.8428
0.5919
0.9012
0.6585
0.8428
0.6514
0.8329
0.7859
0.8141
0.7859
0.8141
0.7876
0.8238
0.6585
0.8428
0.7876
0.8238
0.7859
0.8141
0.9396
0.814
0.9396
0.814
0.9509
0.8238
0.7876
0.8238
0.9509
0.8238
0.9396
0.814
0.9466
0.7863
0.9466
0.7863
0.9628
0.7765
0.9509
0.8238
0.9628
0.7765
0.9466
0.7863
0.7892
0.7862
0.7892
0.7862
0.7876
0.7765
0.9628
0.7765
0.7876
0.7765
0.7892
0.7862
0.6603
0.8115
0.6603
0.8115
0.6585
0.8019
0.7876
0.7765
0.6585
0.8019
0.6603
0.8115
0.5984
0.8161
0.5984
0.8161
0.5979
0.8063
0.6585
0.8019
0.5979
0.8063
0.5984
0.8161
0.4507
0.8159
0.4507
0.8159
0.4480
0.8063
0.5979
0.8063
0.4480
0.8063
0.4507
0.8159
0.3232
0.8638
0.3232
0.8638
0.3103
0.8578
0.4480
0.8063
0.3103
0.8578
0.3232
0.8638
0.3236
0.8955
0.3236
0.8955
0.3103
0.8959
0.3103
0.8578
0.7919
0.9612
0.7924
0.9511
0.9221
0.9511
0.9221
0.9511
0.9354
0.9612
0.7919
0.9612
0.9354
0.9612
0.9221
0.9511
0.9220
0.9123
0.9220
0.9123
0.9354
0.913
0.9354
0.9612
0.9354
0.913
0.9220
0.9123
0.9343
0.8511
0.9343
0.8511
0.9500
0.8403
0.9354
0.913
0.9500
0.8403
0.9343
0.8511
0.7932
0.8512
0.7932
0.8512
0.7919
0.8404
0.9500
0.8403
0.7919
0.8404
0.7932
0.8512
0.6698
0.8694
0.6698
0.8694
0.6629
0.8594
0.7919
0.8404
0.6629
0.8594
0.6698
0.8694
0.6215
0.9129
0.6215
0.9129
0.6083
0.9087
0.6629
0.8594
0.6083
0.9087
0.6215
0.9129
0.6217
0.9467
0.6217
0.9467
0.6083
0.9565
0.6083
0.9087
0.6083
0.9565
0.6217
0.9467
0.6634
0.9475
0.6634
0.9475
0.6633
0.9576
0.6083
0.9565
0.6633
0.9576
0.6634
0.9475
0.7924
0.9511
0.7924
0.9511
0.7919
0.9612
0.6633
0.9576
0.7904
0.8272
0.7904
0.8364
0.6614
0.8554
0.6614
0.8554
0.6614
0.8462
0.7904
0.8272
0.9598
0.8277
0.9589
0.8363
0.7904
0.8364
0.7904
0.8364
0.7904
0.8272
0.9598
0.8277
0.5961
0.904
0.6053
0.9048
0.6049
0.9615
0.6049
0.9615
0.5961
0.9476
0.5961
0.904
0.6614
0.8462
0.6614
0.8554
0.6053
0.9048
0.6053
0.9048
0.5961
0.904
0.6614
0.8462
0.4426
0.9475
0.4364
0.9545
0.3012
0.9424
0.3012
0.9424
0.3121
0.9364
0.4426
0.9475
0.7919
0.7681
0.7980
0.7569
0.9847
0.7569
0.9847
0.7569
0.9721
0.7681
0.7919
0.7681
0.9439
0.917
0.9555
0.921
0.9555
0.9789
0.9555
0.9789
0.9439
0.9696
0.9439
0.917
0.3121
0.9364
0.3012
0.9424
0.2898
0.9005
0.2898
0.9005
0.3010
0.8984
0.3121
0.9364
0.9721
0.7681
0.9847
0.7569
0.9719
0.8138
0.9719
0.8138
0.9598
0.8277
0.9721
0.7681
0.3010
0.8984
0.2898
0.9005
0.2898
0.8546
0.2898
0.8546
0.3010
0.8568
0.3010
0.8984
0.9589
0.8363
0.9710
0.8337
0.9555
0.921
0.9555
0.921
0.9439
0.917
0.9589
0.8363
0.7963
0.9696
0.8026
0.9789
0.6657
0.9746
0.6657
0.9746
0.6641
0.9657
0.7963
0.9696
0.4426
0.8006
0.4364
0.7928
0.5961
0.7928
0.5961
0.7928
0.5968
0.8006
0.4426
0.8006
0.5961
0.9476
0.5897
0.9545
0.4364
0.9545
0.4364
0.9545
0.4426
0.9475
0.5961
0.9476
0.3010
0.8568
0.2898
0.8546
0.4364
0.7928
0.4364
0.7928
0.4426
0.8006
0.3010
0.8568
0.6592
0.7958
0.6606
0.7875
0.7980
0.7569
0.7980
0.7569
0.7919
0.7681
0.6592
0.7958
0.9439
0.9696
0.9555
0.9789
0.8026
0.9789
0.8026
0.9789
0.7963
0.9696
0.9439
0.9696
0.6641
0.9657
0.6657
0.9746
0.6071
0.9732
0.6071
0.9732
0.6049
0.9615
0.6641
0.9657
0.5968
0.8006
0.5961
0.7928
0.6606
0.7875
0.6606
0.7875
0.6592
0.7958
0.5968
0.8006
0.9598
0.8277
0.9719
0.8138
0.9710
0.8337
0.9710
0.8337
0.9589
0.8363
0.9598
0.8277
0.6049
0.9615
0.6071
0.9732
0.5897
0.9545
0.5897
0.9545
0.5961
0.9476
0.6049
0.9615
0.4003
0.7768
0.4003
0.74
0.2809
0.7423
0.2809
0.7423
0.2722
0.7768
0.4003
0.7768
0.6484
0.755
0.6484
0.7273
0.5389
0.7273
0.5389
0.7273
0.5389
0.755
0.6484
0.755
0.7491
0.7174
0.7491
0.6896
0.6484
0.7273
0.6484
0.7273
0.6484
0.755
0.7491
0.7174
0.4946
0.7583
0.4946
0.7305
0.4003
0.74
0.4003
0.74
0.4003
0.7768
0.4946
0.7583
0.5389
0.755
0.5389
0.7273
0.4946
0.7305
0.4946
0.7305
0.4946
0.7583
0.5389
0.755
0.4003
0.74
0.2847
0.7356
0.2809
0.7423
0.6484
0.7273
0.6484
0.6854
0.5411
0.6846
0.5411
0.6846
0.5389
0.7273
0.6484
0.7273
0.6484
0.7273
0.7491
0.6896
0.6484
0.6854
0.9290
0.7138
0.9392
0.7233
0.8612
0.7233
0.8612
0.7233
0.8690
0.7138
0.9290
0.7138
0.2954
0.6473
0.2954
0.6825
0.4003
0.6816
0.4003
0.6816
0.4003
0.6473
0.2954
0.6473
0.5433
0.6567
0.5411
0.6846
0.6484
0.6854
0.6484
0.6854
0.6484
0.6567
0.5433
0.6567
0.6484
0.6567
0.6484
0.6854
0.7491
0.6896
0.7491
0.6896
0.7412
0.6641
0.6484
0.6567
0.4003
0.6473
0.4003
0.6816
0.4944
0.6836
0.4944
0.6836
0.4942
0.6499
0.4003
0.6473
0.4944
0.6836
0.5411
0.6846
0.5345
0.6507
0.5345
0.6507
0.4942
0.6499
0.4944
0.6836
0.5345
0.6507
0.5411
0.6846
0.5433
0.6567
0.1260
0.9286
0.1260
0.852
0.1471
0.8512
0.1471
0.8512
0.1471
0.9586
0.1260
0.9286
0.4946
0.7305
0.4931
0.7189
0.3997
0.7282
0.3997
0.7282
0.4003
0.74
0.4946
0.7305
0.4003
0.74
0.3997
0.7282
0.3063
0.7245
0.3063
0.7245
0.2847
0.7356
0.4003
0.74
0.2847
0.7356
0.3063
0.7245
0.3123
0.6941
0.3123
0.6941
0.2954
0.6825
0.2847
0.7356
0.2954
0.6825
0.3123
0.6941
0.4002
0.6933
0.4002
0.6933
0.4003
0.6816
0.2954
0.6825
0.4003
0.6816
0.4002
0.6933
0.4940
0.6953
0.4940
0.6953
0.4944
0.6836
0.4003
0.6816
0.4944
0.6836
0.4940
0.6953
0.5259
0.6959
0.5259
0.6959
0.5411
0.6846
0.4944
0.6836
0.5411
0.6846
0.5259
0.6959
0.5248
0.7166
0.5248
0.7166
0.5389
0.7273
0.5411
0.6846
0.5389
0.7273
0.5248
0.7166
0.4931
0.7189
0.4931
0.7189
0.4946
0.7305
0.5389
0.7273
0.0333
0.6634
0.0625
0.7338
0.0625
0.8388
0.0625
0.8388
0.0328
0.7962
0.0333
0.6634
0.0328
0.7962
0.0625
0.8388
0.0625
0.9286
0.0625
0.9286
0.0360
0.929
0.0328
0.7962
0.0360
0.929
0.0625
0.9286
0.0625
0.9586
0.0625
0.9586
0.0313
0.959
0.0360
0.929
0.0343
0.9277
0.0641
0.9273
0.0641
0.844
0.0641
0.844
0.0348
0.8008
0.0343
0.9277
0.0348
0.8008
0.0641
0.844
0.0641
0.7368
0.0641
0.7368
0.0331
0.6652
0.0348
0.8008
0.0331
0.6652
0.0641
0.7368
0.0641
0.6187
0.0641
0.6187
0.0346
0.6191
0.0331
0.6652
0.0316
0.5919
0.0625
0.5915
0.0625
0.6177
0.0625
0.6177
0.0338
0.6181
0.0316
0.5919
0.0338
0.6181
0.0625
0.6177
0.0625
0.7338
0.0625
0.7338
0.0333
0.6634
0.0338
0.6181
0.0625
0.8388
0.0625
0.7338
0.0934
0.7951
0.0934
0.7951
0.0723
0.8419
0.0625
0.8388
0.0625
0.9286
0.0625
0.8388
0.0723
0.8419
0.0723
0.8419
0.0722
0.9286
0.0625
0.9286
0.0625
0.9586
0.0625
0.9286
0.0722
0.9286
0.0722
0.9286
0.0722
0.9586
0.0625
0.9586
0.0641
0.9273
0.0734
0.9273
0.0735
0.8472
0.0735
0.8472
0.0641
0.844
0.0641
0.9273
0.0641
0.844
0.0735
0.8472
0.0935
0.7991
0.0935
0.7991
0.0641
0.7368
0.0641
0.844
0.0641
0.7368
0.0935
0.7991
0.0935
0.6526
0.0935
0.6526
0.0641
0.6187
0.0641
0.7368
0.0801
0.62
0.0885
0.6287
0.0860
0.6314
0.0860
0.6314
0.0778
0.6223
0.0801
0.62
0.0625
0.6177
0.0934
0.6511
0.0934
0.7951
0.0934
0.7951
0.0625
0.7338
0.0625
0.6177
0.0934
0.7951
0.1203
0.7938
0.1471
0.8512
0.1471
0.8512
0.1260
0.852
0.0934
0.7951
0.0934
0.7951
0.1260
0.852
0.1058
0.8489
0.1059
0.9286
0.1058
0.8489
0.1260
0.852
0.1260
0.852
0.1260
0.9286
0.1059
0.9286
0.1471
0.9586
0.1059
0.9586
0.1059
0.9286
0.1059
0.9286
0.1260
0.9286
0.1471
0.9586
0.1247
0.8574
0.1054
0.8543
0.1055
0.9273
0.1055
0.9273
0.1247
0.9273
0.1247
0.8574
0.0935
0.7991
0.1054
0.8543
0.1247
0.8574
0.1789
0.8608
0.1856
0.8404
0.1789
0.8646
0.2676
0.86
0.2676
0.8638
0.2626
0.8393
0.1789
0.9561
0.1789
0.8608
0.1789
0.8646
0.1789
0.8646
0.1789
0.9561
0.1789
0.9561
0.1714
0.7706
0.1691
0.7736
0.1531
0.7736
0.1714
0.7337
0.1714
0.7706
0.1531
0.7736
0.1508
0.7337
0.1714
0.7337
0.1531
0.7736
0.1508
0.7706
0.1508
0.7337
0.1531
0.7736
0.2676
0.86
0.2675
0.9471
0.2675
0.9471
0.2675
0.9471
0.2676
0.8638
0.2676
0.86
0.2028
0.8557
0.1823
0.859
0.1827
0.9579
0.1827
0.9579
0.2028
0.9465
0.2028
0.8557
0.2028
0.9465
0.1827
0.9579
0.2118
0.9596
0.2436
0.9375
0.2633
0.9501
0.2638
0.8582
0.2638
0.8582
0.2436
0.8549
0.2436
0.9375
0.2436
0.8549
0.2638
0.8582
0.2436
0.8053
0.2436
0.8053
0.2637
0.8641
0.2436
0.8622
0.2436
0.8622
0.2637
0.8641
0.2633
0.9501
0.2633
0.9501
0.2436
0.9375
0.2436
0.8622
0.2436
0.9375
0.2633
0.9501
0.2340
0.9575
0.2028
0.9465
0.1827
0.9579
0.1824
0.8649
0.1824
0.8649
0.2028
0.863
0.2028
0.9465
0.2028
0.863
0.1824
0.8649
0.2028
0.8067
0.2028
0.8067
0.1823
0.859
0.2028
0.8557
0.1789
0.8608
0.1789
0.9561
0.1827
0.9579
0.1827
0.9579
0.1823
0.859
0.1789
0.8608
0.2675
0.9471
0.2676
0.86
0.2638
0.8582
0.2638
0.8582
0.2633
0.9501
0.2675
0.9471
0.2676
0.86
0.2626
0.8393
0.2436
0.8053
0.2436
0.8053
0.2638
0.8582
0.2676
0.86
0.2626
0.8393
0.2676
0.8638
0.2637
0.8641
0.2637
0.8641
0.2436
0.8053
0.2626
0.8393
0.2676
0.8638
0.2675
0.9471
0.2633
0.9501
0.2633
0.9501
0.2637
0.8641
0.2676
0.8638
0.1789
0.9561
0.1789
0.8646
0.1824
0.8649
0.1824
0.8649
0.1827
0.9579
0.1789
0.9561
0.1789
0.8646
0.1856
0.8404
0.2028
0.8067
0.2028
0.8067
0.1824
0.8649
0.1789
0.8646
0.1856
0.8404
0.1789
0.8608
0.1823
0.859
0.1823
0.859
0.2028
0.8067
0.1856
0.8404
0.1530
0.6648
0.1692
0.6648
0.1714
0.6675
0.1508
0.6675
0.1530
0.6648
0.1714
0.6675
0.1508
0.7037
0.1508
0.6675
0.1714
0.6675
0.1714
0.7037
0.1508
0.7037
0.1714
0.6675
0.1714
0.7337
0.1508
0.7337
0.1508
0.7037
0.1508
0.7037
0.1714
0.7037
0.1714
0.7337
0.2028
0.9465
0.2118
0.9596
0.1827
0.9579
0.2436
0.9375
0.2340
0.9575
0.2633
0.9501
0.2436
0.9375
0.2340
0.9575
0.2118
0.9596
0.2118
0.9596
0.2028
0.9465
0.2436
0.9375
0.2028
0.9465
0.2118
0.9596
0.2340
0.9575
0.2340
0.9575
0.2436
0.9375
0.2028
0.9465
0.1728
0.6561
0.1717
0.6618
0.1505
0.6618
0.1505
0.6618
0.1494
0.6561
0.1728
0.6561
0.1494
0.6561
0.1505
0.6618
0.1476
0.6646
0.1476
0.6646
0.1440
0.6615
0.1494
0.6561
0.1440
0.6615
0.1476
0.6646
0.1476
0.7029
0.1476
0.7029
0.1440
0.7029
0.1440
0.6615
0.1440
0.7029
0.1476
0.7029
0.1476
0.7344
0.1476
0.7344
0.1440
0.7344
0.1440
0.7029
0.1440
0.7344
0.1476
0.7344
0.1476
0.7734
0.1476
0.7734
0.1440
0.7761
0.1440
0.7344
0.1440
0.7761
0.1476
0.7734
0.1506
0.7765
0.1506
0.7765
0.1494
0.782
0.1440
0.7761
0.1494
0.782
0.1506
0.7765
0.1716
0.7765
0.1716
0.7765
0.1728
0.782
0.1494
0.782
0.1728
0.782
0.1716
0.7765
0.1746
0.7734
0.1746
0.7734
0.1782
0.7761
0.1728
0.782
0.1782
0.7761
0.1746
0.7734
0.1746
0.7344
0.1746
0.7344
0.1782
0.7344
0.1782
0.7761
0.1782
0.7344
0.1746
0.7344
0.1746
0.7029
0.1746
0.7029
0.1782
0.7029
0.1782
0.7344
0.1782
0.7029
0.1746
0.7029
0.1746
0.6646
0.1746
0.6646
0.1782
0.6615
0.1782
0.7029
0.1782
0.6615
0.1746
0.6646
0.1717
0.6618
0.1717
0.6618
0.1728
0.6561
0.1782
0.6615
0.1717
0.6618
0.1692
0.6648
0.1530
0.6648
0.1530
0.6648
0.1505
0.6618
0.1717
0.6618
0.1505
0.6618
0.1530
0.6648
0.1508
0.6675
0.1508
0.6675
0.1476
0.6646
0.1505
0.6618
0.1476
0.6646
0.1508
0.6675
0.1508
0.7037
0.1508
0.7037
0.1476
0.7029
0.1476
0.6646
0.1476
0.7029
0.1508
0.7037
0.1508
0.7337
0.1508
0.7337
0.1476
0.7344
0.1476
0.7029
0.1476
0.7344
0.1508
0.7337
0.1508
0.7706
0.1508
0.7706
0.1476
0.7734
0.1476
0.7344
0.1476
0.7734
0.1508
0.7706
0.1531
0.7736
0.1531
0.7736
0.1506
0.7765
0.1476
0.7734
0.1506
0.7765
0.1531
0.7736
0.1691
0.7736
0.1691
0.7736
0.1716
0.7765
0.1506
0.7765
0.1716
0.7765
0.1691
0.7736
0.1714
0.7706
0.1714
0.7706
0.1746
0.7734
0.1716
0.7765
0.1746
0.7734
0.1714
0.7706
0.1714
0.7337
0.1714
0.7337
0.1746
0.7344
0.1746
0.7734
0.1746
0.7344
0.1714
0.7337
0.1714
0.7037
0.1714
0.7037
0.1746
0.7029
0.1746
0.7344
0.1746
0.7029
0.1714
0.7037
0.1714
0.6675
0.1714
0.6675
0.1746
0.6646
0.1746
0.7029
0.1746
0.6646
0.1714
0.6675
0.1692
0.6648
0.1692
0.6648
0.1717
0.6618
0.1746
0.6646
0.0934
0.7951
0.1032
0.7813
0.1123
0.7807
0.1123
0.7807
0.1203
0.7938
0.0934
0.7951
0.1203
0.7938
0.1123
0.7807
0.1123
0.6636
0.1123
0.6636
0.1203
0.6496
0.1203
0.7938
0.1203
0.6496
0.1123
0.6636
0.1032
0.664
0.1032
0.664
0.0934
0.6511
0.1203
0.6496
0.0934
0.6511
0.1032
0.664
0.1032
0.7813
0.1032
0.7813
0.0934
0.7951
0.0934
0.6511
0.8090
0.5551
0.8090
0.5856
0.7988
0.5856
0.7988
0.5856
0.7988
0.5551
0.8090
0.5551
0.8105
0.5559
0.8105
0.5859
0.9537
0.5859
0.9537
0.5859
0.9537
0.5559
0.8105
0.5559
0.9654
0.5551
0.9654
0.589
0.9547
0.5856
0.9547
0.5856
0.9547
0.5551
0.9654
0.5551
0.9547
0.5551
0.9547
0.5856
0.8090
0.5856
0.8090
0.5856
0.8090
0.5551
0.9547
0.5551
0.8090
0.5856
0.8238
0.6127
0.8134
0.6127
0.8134
0.6127
0.7988
0.5856
0.8090
0.5856
0.8105
0.5859
0.8249
0.6126
0.9273
0.6126
0.9273
0.6126
0.9537
0.5859
0.8105
0.5859
0.9654
0.589
0.9386
0.6161
0.9281
0.6127
0.9281
0.6127
0.9547
0.5856
0.9654
0.589
0.9547
0.5856
0.9281
0.6127
0.8238
0.6127
0.8238
0.6127
0.8090
0.5856
0.9547
0.5856
0.8238
0.6127
0.8690
0.7138
0.8612
0.7233
0.8612
0.7233
0.8134
0.6127
0.8238
0.6127
0.8249
0.6126
0.8689
0.7119
0.9278
0.7119
0.9278
0.7119
0.9273
0.6126
0.8249
0.6126
0.9386
0.6161
0.9392
0.7233
0.9290
0.7138
0.9290
0.7138
0.9281
0.6127
0.9386
0.6161
0.9281
0.6127
0.9290
0.7138
0.8690
0.7138
0.8690
0.7138
0.8238
0.6127
0.9281
0.6127
0.0625
0.5915
0.0784
0.614
0.0721
0.6205
0.0721
0.6205
0.0625
0.6177
0.0625
0.5915
0.0625
0.6177
0.0721
0.6205
0.0876
0.6372
0.0876
0.6372
0.0934
0.6511
0.0625
0.6177
0.0934
0.6511
0.0876
0.6372
0.0939
0.6308
0.0939
0.6308
0.1203
0.6496
0.0934
0.6511
0.1203
0.6496
0.0939
0.6308
0.0784
0.614
0.0784
0.614
0.0625
0.5915
0.1203
0.6496
0.0784
0.614
0.0801
0.62
0.0778
0.6223
0.0778
0.6223
0.0721
0.6205
0.0784
0.614
0.0721
0.6205
0.0778
0.6223
0.0860
0.6314
0.0860
0.6314
0.0876
0.6372
0.0721
0.6205
0.0876
0.6372
0.0860
0.6314
0.0885
0.6287
0.0885
0.6287
0.0939
0.6308
0.0876
0.6372
0.0939
0.6308
0.0885
0.6287
0.0801
0.62
0.0801
0.62
0.0784
0.614
0.0939
0.6308
0.0557
0.2745
0.0557
0.3537
0.0572
0.3537
0.0572
0.3537
0.0572
0.2745
0.0557
0.2745
0.0572
0.2745
0.0572
0.3537
0.0612
0.3537
0.0612
0.3537
0.0612
0.2745
0.0572
0.2745
0.0612
0.2745
0.0612
0.3537
0.0668
0.3537
0.0668
0.3537
0.0668
0.2745
0.0612
0.2745
0.0668
0.2745
0.0668
0.3537
0.0723
0.3537
0.0723
0.3537
0.0723
0.2745
0.0668
0.2745
0.0723
0.2745
0.0723
0.3537
0.0763
0.3537
0.0763
0.3537
0.0763
0.2745
0.0723
0.2745
0.0763
0.2745
0.0763
0.3537
0.0778
0.3537
0.0778
0.3537
0.0778
0.2745
0.0763
0.2745
0.0778
0.2745
0.0778
0.3537
0.0763
0.3537
0.0763
0.3537
0.0763
0.2745
0.0778
0.2745
0.0763
0.2745
0.0763
0.3537
0.0723
0.3537
0.0723
0.3537
0.0723
0.2745
0.0763
0.2745
0.0723
0.2745
0.0723
0.3537
0.0668
0.3537
0.0668
0.3537
0.0668
0.2745
0.0723
0.2745
0.0668
0.2745
0.0668
0.3537
0.0612
0.3537
0.0612
0.3537
0.0612
0.2745
0.0668
0.2745
0.0612
0.2745
0.0612
0.3537
0.0572
0.3537
0.0572
0.3537
0.0572
0.2745
0.0612
0.2745
0.0572
0.2745
0.0572
0.3537
0.0557
0.3537
0.0557
0.3537
0.0557
0.2745
0.0572
0.2745
0.0557
0.3537
0.0505
0.3769
0.0527
0.3769
0.0527
0.3769
0.0572
0.3537
0.0557
0.3537
0.0572
0.3537
0.0527
0.3769
0.0586
0.3769
0.0586
0.3769
0.0612
0.3537
0.0572
0.3537
0.0612
0.3537
0.0586
0.3769
0.0668
0.3769
0.0668
0.3769
0.0668
0.3537
0.0612
0.3537
0.0668
0.3537
0.0668
0.3769
0.0749
0.3769
0.0749
0.3769
0.0723
0.3537
0.0668
0.3537
0.0723
0.3537
0.0749
0.3769
0.0809
0.3769
0.0809
0.3769
0.0763
0.3537
0.0723
0.3537
0.0763
0.3537
0.0809
0.3769
0.0831
0.3769
0.0831
0.3769
0.0778
0.3537
0.0763
0.3537
0.0778
0.3537
0.0831
0.3769
0.0809
0.3769
0.0809
0.3769
0.0763
0.3537
0.0778
0.3537
0.0763
0.3537
0.0809
0.3769
0.0749
0.3769
0.0749
0.3769
0.0723
0.3537
0.0763
0.3537
0.0723
0.3537
0.0749
0.3769
0.0668
0.3769
0.0668
0.3769
0.0668
0.3537
0.0723
0.3537
0.0668
0.3537
0.0668
0.3769
0.0586
0.3769
0.0586
0.3769
0.0612
0.3537
0.0668
0.3537
0.0612
0.3537
0.0586
0.3769
0.0527
0.3769
0.0527
0.3769
0.0572
0.3537
0.0612
0.3537
0.0572
0.3537
0.0527
0.3769
0.0505
0.3769
0.0505
0.3769
0.0557
0.3537
0.0572
0.3537
0.0557
0.2745
0.0572
0.2745
0.0612
0.2745
0.0612
0.2745
0.0668
0.2745
0.0723
0.2745
0.0557
0.2745
0.0612
0.2745
0.0723
0.2745
0.0723
0.2745
0.0763
0.2745
0.0778
0.2745
0.0778
0.2745
0.0763
0.2745
0.0723
0.2745
0.0723
0.2745
0.0778
0.2745
0.0723
0.2745
0.0557
0.2745
0.0723
0.2745
0.0723
0.2745
0.0723
0.2745
0.0668
0.2745
0.0612
0.2745
0.0557
0.2745
0.0723
0.2745
0.0612
0.2745
0.0572
0.2745
0.0557
0.2745
0.0612
0.2745
0.0463
0.3796
0.0463
0.3882
0.0488
0.3882
0.0488
0.3882
0.0488
0.3796
0.0463
0.3796
0.0488
0.3796
0.0488
0.3882
0.0565
0.3882
0.0565
0.3882
0.0565
0.3796
0.0488
0.3796
0.0565
0.3796
0.0565
0.3882
0.0668
0.3882
0.0668
0.3882
0.0668
0.3796
0.0565
0.3796
0.0668
0.3796
0.0668
0.3882
0.0775
0.3882
0.0775
0.3882
0.0775
0.3796
0.0668
0.3796
0.0775
0.3796
0.0775
0.3882
0.0850
0.3882
0.0850
0.3882
0.0850
0.3796
0.0775
0.3796
0.0850
0.3796
0.0850
0.3882
0.0873
0.3882
0.0873
0.3882
0.0873
0.3796
0.0850
0.3796
0.0873
0.3796
0.0873
0.3882
0.0850
0.3882
0.0850
0.3882
0.0850
0.3796
0.0873
0.3796
0.0850
0.3796
0.0850
0.3882
0.0775
0.3882
0.0775
0.3882
0.0775
0.3796
0.0850
0.3796
0.0775
0.3796
0.0775
0.3882
0.0668
0.3882
0.0668
0.3882
0.0668
0.3796
0.0775
0.3796
0.0668
0.3796
0.0668
0.3882
0.0565
0.3882
0.0565
0.3882
0.0565
0.3796
0.0668
0.3796
0.0565
0.3796
0.0565
0.3882
0.0488
0.3882
0.0488
0.3882
0.0488
0.3796
0.0565
0.3796
0.0488
0.3796
0.0488
0.3882
0.0463
0.3882
0.0463
0.3882
0.0463
0.3796
0.0488
0.3796
0.0477
0.3796
0.0463
0.3796
0.0488
0.3796
0.0488
0.3796
0.0503
0.3796
0.0477
0.3796
0.0503
0.3796
0.0488
0.3796
0.0565
0.3796
0.0565
0.3796
0.0572
0.3796
0.0503
0.3796
0.0572
0.3796
0.0565
0.3796
0.0668
0.3796
0.0668
0.3796
0.0668
0.3796
0.0572
0.3796
0.0668
0.3796
0.0668
0.3796
0.0775
0.3796
0.0775
0.3796
0.0763
0.3796
0.0668
0.3796
0.0763
0.3796
0.0775
0.3796
0.0850
0.3796
0.0850
0.3796
0.0833
0.3796
0.0763
0.3796
0.0833
0.3796
0.0850
0.3796
0.0873
0.3796
0.0873
0.3796
0.0859
0.3796
0.0833
0.3796
0.0859
0.3796
0.0873
0.3796
0.0850
0.3796
0.0850
0.3796
0.0833
0.3796
0.0859
0.3796
0.0833
0.3796
0.0850
0.3796
0.0775
0.3796
0.0775
0.3796
0.0763
0.3796
0.0833
0.3796
0.0763
0.3796
0.0775
0.3796
0.0668
0.3796
0.0668
0.3796
0.0668
0.3796
0.0763
0.3796
0.0668
0.3796
0.0668
0.3796
0.0565
0.3796
0.0565
0.3796
0.0572
0.3796
0.0668
0.3796
0.0572
0.3796
0.0565
0.3796
0.0488
0.3796
0.0488
0.3796
0.0503
0.3796
0.0572
0.3796
0.0503
0.3796
0.0488
0.3796
0.0463
0.3796
0.0463
0.3796
0.0477
0.3796
0.0503
0.3796
0.0847
0.5415
0.0847
0.5491
0.0870
0.5491
0.0870
0.5491
0.0870
0.5415
0.0847
0.5415
0.0870
0.5415
0.0870
0.5491
0.0847
0.5491
0.0847
0.5491
0.0847
0.5415
0.0870
0.5415
0.0847
0.5415
0.0847
0.5491
0.0774
0.5491
0.0774
0.5491
0.0774
0.5415
0.0847
0.5415
0.0774
0.5415
0.0774
0.5491
0.0668
0.5491
0.0668
0.5491
0.0668
0.5415
0.0774
0.5415
0.0668
0.5415
0.0668
0.5491
0.0567
0.5491
0.0567
0.5491
0.0567
0.5415
0.0668
0.5415
0.0567
0.5415
0.0567
0.5491
0.0490
0.5491
0.0490
0.5491
0.0490
0.5415
0.0567
0.5415
0.0490
0.5415
0.0490
0.5491
0.0465
0.5491
0.0465
0.5491
0.0465
0.5415
0.0490
0.5415
0.0465
0.5415
0.0465
0.5491
0.0490
0.5491
0.0490
0.5491
0.0490
0.5415
0.0465
0.5415
0.0490
0.5415
0.0490
0.5491
0.0567
0.5491
0.0567
0.5491
0.0567
0.5415
0.0490
0.5415
0.0567
0.5415
0.0567
0.5491
0.0668
0.5491
0.0668
0.5491
0.0668
0.5415
0.0567
0.5415
0.0668
0.5415
0.0668
0.5491
0.0774
0.5491
0.0774
0.5491
0.0774
0.5415
0.0668
0.5415
0.0774
0.5415
0.0774
0.5491
0.0847
0.5491
0.0847
0.5491
0.0847
0.5415
0.0774
0.5415
0.0850
0.3882
0.0807
0.3882
0.0825
0.3882
0.0825
0.3882
0.0873
0.3882
0.0850
0.3882
0.0775
0.3882
0.0750
0.3882
0.0807
0.3882
0.0807
0.3882
0.0850
0.3882
0.0775
0.3882
0.0668
0.3882
0.0668
0.3882
0.0750
0.3882
0.0750
0.3882
0.0775
0.3882
0.0668
0.3882
0.0565
0.3882
0.0590
0.3882
0.0668
0.3882
0.0668
0.3882
0.0668
0.3882
0.0565
0.3882
0.0488
0.3882
0.0531
0.3882
0.0590
0.3882
0.0590
0.3882
0.0565
0.3882
0.0488
0.3882
0.0463
0.3882
0.0511
0.3882
0.0531
0.3882
0.0531
0.3882
0.0488
0.3882
0.0463
0.3882
0.0488
0.3882
0.0531
0.3882
0.0511
0.3882
0.0511
0.3882
0.0463
0.3882
0.0488
0.3882
0.0565
0.3882
0.0590
0.3882
0.0531
0.3882
0.0531
0.3882
0.0488
0.3882
0.0565
0.3882
0.0668
0.3882
0.0668
0.3882
0.0590
0.3882
0.0590
0.3882
0.0565
0.3882
0.0668
0.3882
0.0775
0.3882
0.0750
0.3882
0.0668
0.3882
0.0668
0.3882
0.0668
0.3882
0.0775
0.3882
0.0850
0.3882
0.0807
0.3882
0.0750
0.3882
0.0750
0.3882
0.0775
0.3882
0.0850
0.3882
0.0873
0.3882
0.0825
0.3882
0.0807
0.3882
0.0807
0.3882
0.0850
0.3882
0.0873
0.3882
0.0870
0.5415
0.0822
0.5415
0.0805
0.5415
0.0805
0.5415
0.0847
0.5415
0.0870
0.5415
0.0847
0.5415
0.0805
0.5415
0.0822
0.5415
0.0822
0.5415
0.0870
0.5415
0.0847
0.5415
0.0774
0.5415
0.0749
0.5415
0.0805
0.5415
0.0805
0.5415
0.0847
0.5415
0.0774
0.5415
0.0668
0.5415
0.0668
0.5415
0.0749
0.5415
0.0749
0.5415
0.0774
0.5415
0.0668
0.5415
0.0567
0.5415
0.0591
0.5415
0.0668
0.5415
0.0668
0.5415
0.0668
0.5415
0.0567
0.5415
0.0490
0.5415
0.0532
0.5415
0.0591
0.5415
0.0591
0.5415
0.0567
0.5415
0.0490
0.5415
0.0465
0.5415
0.0514
0.5415
0.0532
0.5415
0.0532
0.5415
0.0490
0.5415
0.0465
0.5415
0.0490
0.5415
0.0532
0.5415
0.0514
0.5415
0.0514
0.5415
0.0465
0.5415
0.0490
0.5415
0.0567
0.5415
0.0591
0.5415
0.0532
0.5415
0.0532
0.5415
0.0490
0.5415
0.0567
0.5415
0.0668
0.5415
0.0668
0.5415
0.0591
0.5415
0.0591
0.5415
0.0567
0.5415
0.0668
0.5415
0.0774
0.5415
0.0749
0.5415
0.0668
0.5415
0.0668
0.5415
0.0668
0.5415
0.0774
0.5415
0.0847
0.5415
0.0805
0.5415
0.0749
0.5415
0.0749
0.5415
0.0774
0.5415
0.0847
0.5415
0.0680
0.3922
0.0680
0.5382
0.0702
0.5382
0.0702
0.5382
0.0702
0.3922
0.0680
0.3922
0.0702
0.3922
0.0702
0.5382
0.0754
0.5382
0.0754
0.5382
0.0754
0.3922
0.0702
0.3922
0.0754
0.3922
0.0754
0.5382
0.0807
0.5382
0.0807
0.5382
0.0807
0.3922
0.0754
0.3922
0.0807
0.3922
0.0807
0.5382
0.0828
0.5382
0.0828
0.5382
0.0828
0.3922
0.0807
0.3922
0.0828
0.3922
0.0828
0.5382
0.0807
0.5382
0.0807
0.5382
0.0807
0.3922
0.0828
0.3922
0.0807
0.3922
0.0807
0.5382
0.0754
0.5382
0.0754
0.5382
0.0754
0.3922
0.0807
0.3922
0.0754
0.3922
0.0754
0.5382
0.0702
0.5382
0.0702
0.5382
0.0702
0.3922
0.0754
0.3922
0.0702
0.3922
0.0702
0.5382
0.0680
0.5382
0.0680
0.5382
0.0680
0.3922
0.0702
0.3922
0.0507
0.3922
0.0507
0.5382
0.0529
0.5382
0.0529
0.5382
0.0529
0.3922
0.0507
0.3922
0.0529
0.3922
0.0529
0.5382
0.0581
0.5382
0.0581
0.5382
0.0581
0.3922
0.0529
0.3922
0.0581
0.3922
0.0581
0.5382
0.0634
0.5382
0.0634
0.5382
0.0634
0.3922
0.0581
0.3922
0.0634
0.3922
0.0634
0.5382
0.0655
0.5382
0.0655
0.5382
0.0655
0.3922
0.0634
0.3922
0.0655
0.3922
0.0655
0.5382
0.0634
0.5382
0.0634
0.5382
0.0634
0.3922
0.0655
0.3922
0.0634
0.3922
0.0634
0.5382
0.0581
0.5382
0.0581
0.5382
0.0581
0.3922
0.0634
0.3922
0.0581
0.3922
0.0581
0.5382
0.0529
0.5382
0.0529
0.5382
0.0529
0.3922
0.0581
0.3922
0.0529
0.3922
0.0529
0.5382
0.0507
0.5382
0.0507
0.5382
0.0507
0.3922
0.0529
0.3922
0.0701
0.3882
0.0668
0.3882
0.0669
0.3882
0.0669
0.3882
0.0681
0.3882
0.0701
0.3882
0.0751
0.3882
0.0750
0.3882
0.0668
0.3882
0.0668
0.3882
0.0701
0.3882
0.0751
0.3882
0.0800
0.3882
0.0807
0.3882
0.0750
0.3882
0.0750
0.3882
0.0751
0.3882
0.0800
0.3882
0.0821
0.3882
0.0825
0.3882
0.0807
0.3882
0.0807
0.3882
0.0800
0.3882
0.0821
0.3882
0.0800
0.3882
0.0807
0.3882
0.0825
0.3882
0.0825
0.3882
0.0821
0.3882
0.0800
0.3882
0.0751
0.3882
0.0750
0.3882
0.0807
0.3882
0.0807
0.3882
0.0800
0.3882
0.0751
0.3882
0.0701
0.3882
0.0668
0.3882
0.0750
0.3882
0.0750
0.3882
0.0751
0.3882
0.0701
0.3882
0.0681
0.3882
0.0669
0.3882
0.0668
0.3882
0.0668
0.3882
0.0701
0.3882
0.0681
0.3882
0.0539
0.3882
0.0531
0.3882
0.0511
0.3882
0.0511
0.3882
0.0518
0.3882
0.0539
0.3882
0.0588
0.3882
0.0590
0.3882
0.0531
0.3882
0.0531
0.3882
0.0539
0.3882
0.0588
0.3882
0.0638
0.3882
0.0668
0.3882
0.0590
0.3882
0.0590
0.3882
0.0588
0.3882
0.0638
0.3882
0.0658
0.3882
0.0669
0.3882
0.0668
0.3882
0.0668
0.3882
0.0638
0.3882
0.0658
0.3882
0.0638
0.3882
0.0668
0.3882
0.0669
0.3882
0.0669
0.3882
0.0658
0.3882
0.0638
0.3882
0.0588
0.3882
0.0590
0.3882
0.0668
0.3882
0.0668
0.3882
0.0638
0.3882
0.0588
0.3882
0.0539
0.3882
0.0531
0.3882
0.0590
0.3882
0.0590
0.3882
0.0588
0.3882
0.0539
0.3882
0.0518
0.3882
0.0511
0.3882
0.0531
0.3882
0.0531
0.3882
0.0539
0.3882
0.0518
0.3882
0.0681
0.5415
0.0670
0.5415
0.0668
0.5415
0.0668
0.5415
0.0701
0.5415
0.0681
0.5415
0.0701
0.5415
0.0668
0.5415
0.0749
0.5415
0.0749
0.5415
0.0750
0.5415
0.0701
0.5415
0.0750
0.5415
0.0749
0.5415
0.0805
0.5415
0.0805
0.5415
0.0798
0.5415
0.0750
0.5415
0.0798
0.5415
0.0805
0.5415
0.0822
0.5415
0.0822
0.5415
0.0818
0.5415
0.0798
0.5415
0.0818
0.5415
0.0822
0.5415
0.0805
0.5415
0.0805
0.5415
0.0798
0.5415
0.0818
0.5415
0.0798
0.5415
0.0805
0.5415
0.0749
0.5415
0.0749
0.5415
0.0750
0.5415
0.0798
0.5415
0.0750
0.5415
0.0749
0.5415
0.0668
0.5415
0.0668
0.5415
0.0701
0.5415
0.0750
0.5415
0.0701
0.5415
0.0668
0.5415
0.0670
0.5415
0.0670
0.5415
0.0681
0.5415
0.0701
0.5415
0.0520
0.5415
0.0514
0.5415
0.0532
0.5415
0.0532
0.5415
0.0541
0.5415
0.0520
0.5415
0.0541
0.5415
0.0532
0.5415
0.0591
0.5415
0.0591
0.5415
0.0589
0.5415
0.0541
0.5415
0.0589
0.5415
0.0591
0.5415
0.0668
0.5415
0.0668
0.5415
0.0638
0.5415
0.0589
0.5415
0.0638
0.5415
0.0668
0.5415
0.0670
0.5415
0.0670
0.5415
0.0658
0.5415
0.0638
0.5415
0.0658
0.5415
0.0670
0.5415
0.0668
0.5415
0.0668
0.5415
0.0638
0.5415
0.0658
0.5415
0.0638
0.5415
0.0668
0.5415
0.0591
0.5415
0.0591
0.5415
0.0589
0.5415
0.0638
0.5415
0.0589
0.5415
0.0591
0.5415
0.0532
0.5415
0.0532
0.5415
0.0541
0.5415
0.0589
0.5415
0.0541
0.5415
0.0532
0.5415
0.0514
0.5415
0.0514
0.5415
0.0520
0.5415
0.0541
0.5415
0.0253
0.3954
0.0267
0.3954
0.0267
0.5347
0.0267
0.5347
0.0253
0.5347
0.0253
0.3954
0.0267
0.3954
0.0301
0.3954
0.0301
0.5347
0.0301
0.5347
0.0267
0.5347
0.0267
0.3954
0.0301
0.3954
0.0334
0.3954
0.0334
0.5347
0.0334
0.5347
0.0301
0.5347
0.0301
0.3954
0.0334
0.3954
0.0348
0.3954
0.0348
0.5347
0.0348
0.5347
0.0334
0.5347
0.0334
0.3954
0.0348
0.3954
0.0334
0.3954
0.0334
0.5347
0.0334
0.5347
0.0348
0.5347
0.0348
0.3954
0.0334
0.3954
0.0301
0.3954
0.0301
0.5347
0.0301
0.5347
0.0334
0.5347
0.0334
0.3954
0.0301
0.3954
0.0267
0.3954
0.0267
0.5347
0.0267
0.5347
0.0301
0.5347
0.0301
0.3954
0.0267
0.3954
0.0253
0.3954
0.0253
0.5347
0.0253
0.5347
0.0267
0.5347
0.0267
0.3954
0.0125
0.3954
0.0139
0.3954
0.0139
0.5347
0.0139
0.5347
0.0125
0.5347
0.0125
0.3954
0.0139
0.3954
0.0172
0.3954
0.0172
0.5347
0.0172
0.5347
0.0139
0.5347
0.0139
0.3954
0.0172
0.3954
0.0205
0.3954
0.0205
0.5347
0.0205
0.5347
0.0172
0.5347
0.0172
0.3954
0.0205
0.3954
0.0219
0.3954
0.0219
0.5347
0.0219
0.5347
0.0205
0.5347
0.0205
0.3954
0.0219
0.3954
0.0205
0.3954
0.0205
0.5347
0.0205
0.5347
0.0219
0.5347
0.0219
0.3954
0.0205
0.3954
0.0172
0.3954
0.0172
0.5347
0.0172
0.5347
0.0205
0.5347
0.0205
0.3954
0.0172
0.3954
0.0139
0.3954
0.0139
0.5347
0.0139
0.5347
0.0172
0.5347
0.0172
0.3954
0.0139
0.3954
0.0125
0.3954
0.0125
0.5347
0.0125
0.5347
0.0139
0.5347
0.0139
0.3954
0.0847
0.5491
0.0807
0.5491
0.0825
0.5491
0.0825
0.5491
0.0870
0.5491
0.0847
0.5491
0.0870
0.5491
0.0825
0.5491
0.0807
0.5491
0.0807
0.5491
0.0847
0.5491
0.0870
0.5491
0.0847
0.5491
0.0807
0.5491
0.0750
0.5491
0.0750
0.5491
0.0774
0.5491
0.0847
0.5491
0.0774
0.5491
0.0750
0.5491
0.0668
0.5491
0.0668
0.5491
0.0668
0.5491
0.0774
0.5491
0.0668
0.5491
0.0668
0.5491
0.0590
0.5491
0.0590
0.5491
0.0567
0.5491
0.0668
0.5491
0.0567
0.5491
0.0590
0.5491
0.0530
0.5491
0.0530
0.5491
0.0490
0.5491
0.0567
0.5491
0.0490
0.5491
0.0530
0.5491
0.0511
0.5491
0.0511
0.5491
0.0465
0.5491
0.0490
0.5491
0.0465
0.5491
0.0511
0.5491
0.0530
0.5491
0.0530
0.5491
0.0490
0.5491
0.0465
0.5491
0.0490
0.5491
0.0530
0.5491
0.0590
0.5491
0.0590
0.5491
0.0567
0.5491
0.0490
0.5491
0.0567
0.5491
0.0590
0.5491
0.0668
0.5491
0.0668
0.5491
0.0668
0.5491
0.0567
0.5491
0.0668
0.5491
0.0668
0.5491
0.0750
0.5491
0.0750
0.5491
0.0774
0.5491
0.0668
0.5491
0.0774
0.5491
0.0750
0.5491
0.0807
0.5491
0.0807
0.5491
0.0847
0.5491
0.0774
0.5491
0.0812
0.5532
0.0812
0.5686
0.0830
0.5686
0.0830
0.5686
0.0830
0.5532
0.0812
0.5532
0.0830
0.5532
0.0830
0.5686
0.0812
0.5686
0.0812
0.5686
0.0812
0.5532
0.0830
0.5532
0.0812
0.5532
0.0812
0.5686
0.0753
0.5686
0.0753
0.5686
0.0753
0.5532
0.0812
0.5532
0.0753
0.5532
0.0753
0.5686
0.0668
0.5686
0.0668
0.5686
0.0668
0.5532
0.0753
0.5532
0.0668
0.5532
0.0668
0.5686
0.0587
0.5686
0.0587
0.5686
0.0587
0.5532
0.0668
0.5532
0.0587
0.5532
0.0587
0.5686
0.0526
0.5686
0.0526
0.5686
0.0526
0.5532
0.0587
0.5532
0.0526
0.5532
0.0526
0.5686
0.0506
0.5686
0.0506
0.5686
0.0506
0.5532
0.0526
0.5532
0.0506
0.5532
0.0506
0.5686
0.0526
0.5686
0.0526
0.5686
0.0526
0.5532
0.0506
0.5532
0.0526
0.5532
0.0526
0.5686
0.0587
0.5686
0.0587
0.5686
0.0587
0.5532
0.0526
0.5532
0.0587
0.5532
0.0587
0.5686
0.0668
0.5686
0.0668
0.5686
0.0668
0.5532
0.0587
0.5532
0.0668
0.5532
0.0668
0.5686
0.0753
0.5686
0.0753
0.5686
0.0753
0.5532
0.0668
0.5532
0.0753
0.5532
0.0753
0.5686
0.0812
0.5686
0.0812
0.5686
0.0812
0.5532
0.0753
0.5532
0.0812
0.5686
0.0795
0.5686
0.0813
0.5686
0.0813
0.5686
0.0830
0.5686
0.0812
0.5686
0.0830
0.5686
0.0813
0.5686
0.0795
0.5686
0.0795
0.5686
0.0812
0.5686
0.0830
0.5686
0.0812
0.5686
0.0795
0.5686
0.0752
0.5686
0.0752
0.5686
0.0753
0.5686
0.0812
0.5686
0.0753
0.5686
0.0752
0.5686
0.0668
0.5686
0.0668
0.5686
0.0668
0.5686
0.0753
0.5686
0.0668
0.5686
0.0668
0.5686
0.0587
0.5686
0.0587
0.5686
0.0587
0.5686
0.0668
0.5686
0.0587
0.5686
0.0587
0.5686
0.0544
0.5686
0.0544
0.5686
0.0526
0.5686
0.0587
0.5686
0.0526
0.5686
0.0544
0.5686
0.0526
0.5686
0.0526
0.5686
0.0506
0.5686
0.0526
0.5686
0.0506
0.5686
0.0526
0.5686
0.0544
0.5686
0.0544
0.5686
0.0526
0.5686
0.0506
0.5686
0.0526
0.5686
0.0544
0.5686
0.0587
0.5686
0.0587
0.5686
0.0587
0.5686
0.0526
0.5686
0.0587
0.5686
0.0587
0.5686
0.0668
0.5686
0.0668
0.5686
0.0668
0.5686
0.0587
0.5686
0.0668
0.5686
0.0668
0.5686
0.0752
0.5686
0.0752
0.5686
0.0753
0.5686
0.0668
0.5686
0.0753
0.5686
0.0752
0.5686
0.0795
0.5686
0.0795
0.5686
0.0812
0.5686
0.0753
0.5686
0.0709
0.5686
0.0668
0.5686
0.0669
0.5686
0.0669
0.5686
0.0692
0.5686
0.0709
0.5686
0.0709
0.5686
0.0752
0.5686
0.0668
0.5686
0.0709
0.5686
0.0668
0.5686
0.0752
0.5686
0.0692
0.5686
0.0669
0.5686
0.0668
0.5686
0.0668
0.5686
0.0709
0.5686
0.0692
0.5686
0.0630
0.5686
0.0668
0.5686
0.0587
0.5686
0.0647
0.5686
0.0669
0.5686
0.0668
0.5686
0.0668
0.5686
0.0630
0.5686
0.0647
0.5686
0.0630
0.5686
0.0668
0.5686
0.0669
0.5686
0.0669
0.5686
0.0647
0.5686
0.0630
0.5686
0.0630
0.5686
0.0587
0.5686
0.0668
0.5686
0.0267
0.3954
0.0301
0.3954
0.0334
0.3954
0.0334
0.3954
0.0348
0.3954
0.0334
0.3954
0.0267
0.3954
0.0334
0.3954
0.0334
0.3954
0.0334
0.3954
0.0301
0.3954
0.0267
0.3954
0.0267
0.3954
0.0334
0.3954
0.0267
0.3954
0.0253
0.3954
0.0267
0.3954
0.0267
0.3954
0.0139
0.3954
0.0172
0.3954
0.0205
0.3954
0.0205
0.3954
0.0219
0.3954
0.0205
0.3954
0.0139
0.3954
0.0205
0.3954
0.0205
0.3954
0.0205
0.3954
0.0172
0.3954
0.0139
0.3954
0.0139
0.3954
0.0205
0.3954
0.0139
0.3954
0.0125
0.3954
0.0139
0.3954
0.0139
0.3954